1587
F0023
1103
F0040
4304
1721
M0035
F0067
905
2115
749
1223
M0026
571
M0158
M0050
1072
1880
2379
2795
2331
1288
2658
3286
M0047
1083
1662
2177
2669
3142
2148
2710
1105
1289
2168
2476
3571
4166
5422
743
1881
1073
2275
3314
3935
1714
1873
M0107
1874
M0128
567
1665
2361
3028
M0110
1258
1883
F0004
3341
1878
1803
M0096
1242
2353
2834
3471
4179
M0171
M0134
899
1244
2661
5
1629
2138
M0180
2627
4103
5461
10467
M0130
M0093
2260
3237
4440
2139
2709
M0103
1225
2163
3250
5086
M0030
1261
1889
69
1078
2170
3285
1226
2123
1107
29
2076
2668
4410
7140
8596
2243
9749
7362
M0052
752
1885
2540
1104
55
3346
2337
2659
4235
M0147
37
2653
4559
1615
1586
2173
72
M0067
M0129
1246
2096
2843
3734
4432
6102
418
1201
M0037
1251
2354
M0081
1583
1604
27
2097
2925
4131
M0062
1082
1890
M0108
424
1098
2444
F0020
7072
7055
10112
10126
M0113
1614
1757
2375
4200
7745
M0146
1101
2447
3538
4230
5460
6962
11346
42
4328
2142
1080
2637
3291
4466
5513
36
2677
2880
7093
8169
M0043
2303
205
425
1876
2676
3306
M0201
2239
4332
F0069
4329
4740
84
1960
1079
1891
2358
3589
4575
5425
17
M0025
2563
4129
895
2135
415
2706
3564
4209
4747
F0019
5722
M0140
5084
6479
4549
6319
6719
5594
8762
10251
M0091
2821
3659
5426
M0027
2645
82
2401
3607
4461
5535
6486
M0152
1782
2164
2452
416
1664
2688
3317
6074
M0024
4556
2167
3221
3748
5133
6455
7256
6315
F0137
6805
5593
6354
9258
10600
574
2372
3318
75
4343
1981
2680
577
M0165
904
2162
48
53
3556
5141
6753
2491
2971
3612
4395
5490
5944
8984
422
F0056
34
3048
3442
2153
2066
2432
56
4301
4743
F0010
M0212
2157
1552
2549
2819
3431
5456
6874
11309
M0021
30
3259
4173
2270
61
4407
5768
F0104
F0035
8999
81
5276
6658
900
906
2111
2708
1109
1884
F0073
2053
2282
2165
2847
3552
4161
5437
6860
8958
10249
M0046
12
1259
2624
2172
3697
5442
2064
2271
2073
2685
F0042
F0027
8483
8805
M0205
7354
F0198
11404
1097
2220
2966
3311
2322
2662
2147
1090
2462
2829
3704
5551
M0080
2973
F0011
M0206
2579
8989
2255
2562
5691
1256
2856
4257
6780
M0149
1095
19
1899
2363
3215
47
3991
M0117
2126
2908
4652
M0068
M0135
1553
2532
3583
4245
8070
M0002
M0172
2572
2853
4088
M0011
F0071
6553
M0003
2648
M0015
2269
2931
3300
3841
2366
4553
2479
3214
5480
M0041
557
1741
2459
4313
6726
8861
4217
6170
M0112
2176
3201
5447
6577
4545
2178
2350
3295
4308
6781
7704
4418
2699
3282
5132
4404
5242
6831
7593
9068
8996
1262
1820
2703
4241
6463
M0007
F0106
4558
5715
3209
4156
5107
6348
8730
9787
10388
3443
5122
6475
2702
M0078
1817
2149
3223
4219
5094
6676
1825
M0155
3319
4734
M0019
M0154
562
20
2942
3281
M0160
4307
5239
5667
2800
5547
6565
6679
9898
2075
2631
2160
2414
2714
M0022
6323
7075
7053
8412
2349
2605
3157
2151
901
1882
2616
3236
3928
M0145
6545
7192
10156
3593
2807
5069
2219
2784
5526
6986
10441
M0069
8867
F0114
6077
M0014
6325
7085
7064
6326
8359
6411
79
M0148
2335
3238
2378
3567
4468
5555
6625
8713
2356
2713
3884
4305
4431
2884
M0033
1887
2641
3514
4185
2460
4335
5125
6425
8365
2885
3153
6099
6591
1252
2376
3292
5248
6869
4554
F0017
7359
2509
4546
M0009
2339
3198
4473
6683
8807
10078
6284
3002
5670
6721
3232
5152
6435
7552
8603
5063
7112
4557
6314
7206
9881
4051
5120
5475
M0164
F0168
9727
4353
M0032
65
4537
5685
6171
6938
9802
M0121
2924
2644
3609
6057
57
3592
5145
2245
3009
5544
6159
7529
M0253
7475
6062
M0215
3658
F0193
7738
11107
3533
4357
4206
303
1255
2279
24
2611
3681
6336
1287
M0181
2651
3447
5669
M0116
1264
49
3261
1834
2686
3757
421
2150
2573
F0100
F0102
4327
2292
3762
4683
5528
6234
3121
4242
5805
5067
7099
8455
F0158
8676
3076
5484
F0123
8995
7185
9954
420
1598
2409
2817
2830
3289
5429
4386
6423
5101
6843
M0100
4254
2175
2287
F0143
7363
F0101
4324
2969
2136
2861
4184
5421
6605
8724
6408
9247
4362
5103
7107
2443
3641
5420
7056
8749
11187
M0170
3651
5616
4552
5058
5543
6376
2154
3213
10158
5056
M0059
2681
3316
4244
5617
6147
6884
9106
10066
M0179
2639
74
4555
4598
6697
7252
10077
14
4562
1597
1784
3111
4188
4467
5465
F0061
4141
F0052
5413
5688
77
3428
4359
5884
2236
3723
6196
6633
F0141
M0261
F0176
8768
6688
9104
2334
6788
3881
5439
6844
10668
7074
4534
5117
3445
5431
6646
7262
2235
751
1554
2074
2585
5416
2377
4454
5816
2143
3324
5714
M0054
5060
6681
8817
4443
2099
2697
3963
M0099
903
1821
2274
2121
2297
M0132
F0080
F0112
6310
F0195
8994
5312
6796
4251
5121
6459
8974
10293
2127
5095
7589
M0085
910
2106
66
4226
5552
6762
-61
6722
10377
F0092
3379
21
F0057
7748
F0014
10464
6943
10607
83
2597
5466
6444
5130
6311
3615
7257
11189
M0195
5102
F0046
6547
2704
3725
5081
5917
6684
51
3796
5070
2614
2421
3268
5150
6617
2623
3410
8134
2296
M0185
3248
4337
F0039
5689
6016
-98
5605
5851
3568
4190
6598
6546
2365
3265
5505
6979
10352
2437
2606
2373
3227
4321
5809
2276
7350
4521
3255
4447
5278
4004
5100
6583
7142
8746
8304
5596
6837
10191
11213
M0038
2972
F0068
F0003
F0084
F0063
7698
10608
3680
2705
3037
555
1660
2323
3202
4363
2693
F0131
M0101
6930
8283
5241
6833
9758
M0150
3046
3738
3749
5105
2970
4068
5751
7050
F0064
4532
6550
7143
10222
4243
3759
5438
5455
6592
8129
M0151
2873
3488
4318
3782
5542
6917
4465
8832
11091
11778
3490
5137
6176
7199
5695
M0063
3799
4385
5759
7555
902
2548
4104
4364
3088
3652
4540
8868
M0259
F0128
6072
M0098
4522
4517
6195
5762
7039
8715
9178
6529
F0119
4330
4736
3636
5089
6150
6937
8734
2256
2539
M0036
6982
10597
8809
5720
6182
7587
11389
11806
11801
551
1649
1758
4290
1720
F0070
7365
9801
2252
2863
6934
F0189
6282
6127
9121
9126
67
F0022
6071
6343
2860
5403
6321
5745
6083
6084
7187
5408
40
M0126
3280
5577
2179
6566
M0237
7710
9833
6324
M0109
M0169
2146
3440
4155
5144
8376
6687
M0266
10116
F0025
10350
2628
6896
7219
4678
5693
M0044
4462
F0170
9750
2223
2787
5444
6724
9822
4130
6821
6331
6949
5485
10721
11078
7084
6789
6690
8710
9143
10565
3027
6792
3945
6118
8748
10113
9157
3420
6491
2171
2301
2534
3648
755
1942
M0251
F0159
M0086
10216
11567
5459
6471
M0240
M0070
9053
10002
M0048
2945
3326
4319
5623
4470
6667
9257
10516
6406
7045
6345
6969
8782
11511
9786
7729
5501
7172
8781
6685
9817
10577
6164
5427
6075
M0123
4383
6786
6528
6283
6136
8788
6794
8327
11123
2071
2707
F0038
10149
4311
5229
7079
9217
10700
3096
3170
7358
5232
7186
8178
3273
5632
6671
M0028
3044
F0201
10151
F0043
F0031
11096
10153
10288
5415
M0018
M0239
5597
6088
F0202
11121
10387
7444
4536
2453
9000
8492
4238
3958
2333
3047
F0134
F0167
9718
6124
7230
9773
10666
8110
2263
2617
3744
M0001
8060
13
1836
3480
3106
4008
5467
6926
7271
F0050
4741
5531
6928
7547
6133
7585
6918
6441
7234
8197
8258
10079
1841
F0005
5704
6899
1746
M0006
2927
3290
F0151
7753
5443
6151
8267
9764
10687
4501
5097
5525
7173
7744
7157
8765
9098
32
2312
426
1089
1769
2344
4262
2065
2643
2852
54
4120
7483
M0056
6414
6757
11119
6086
7115
4144
4739
4731
8403
5417
4203
3303
4631
5539
7930
6892
10232
2364
2640
4399
5595
7676
1734
8838
M0079
5230
6236
5158
M0120
5240
5666
5156
4396
5764
7952
-114
6303
7051
8793
9994
6804
6768
F0021
8827
2347
2772
5700
6155
6948
10343
6655
6994
6717
7588
6168
10561
7932
6811
3204
F0115
5683
7494
8406
M0156
3353
4346
1877
2921
4030
2332
41
3347
5981
2545
2120
2571
6675
9725
3487
10347
11179
2156
2451
6599
5831
5648
8510
11233
F0135
6317
F0199
M0089
7097
7118
8395
9242
8458
F0047
M0199
5096
6797
8508
11075
11380
6593
8735
7194
9769
M0094
1847
5849
5119
5777
3104
11130
7081
7071
4595
5636
6615
7246
6518
6349
3253
2698
4266
4660
5514
6691
9757
5626
6696
6990
8727
3296
3548
4070
4629
M0073
6543
F0173
10123
7751
4460
6120
10748
11117
6588
8625
M0016
11109
8506
11224
8750
9246
11640
8987
F0174
10144
6589
1666
2555
M0209
7196
2416
6857
8669
8670
2965
3199
3996
8446
4685
1663
2520
2695
3194
5575
4659
8787
F0172
1263
2355
2733
5561
6725
7352
7078
7603
8834
5803
5111
7163
9067
M0233
9734
2918
5686
7110
7082
9251
9244
11786
5710
F0079
M0082
7459
9809
3816
8242
-7
3175
M0204
6039
6909
7572
5802
3339
3438
3845
F0184
11661
5110
5889
8501
2321
2612
3330
4168
2069
2886
3527
4416
5515
6342
7092
2487
2917
4746
5238
5153
6945
2278
2906
4010
M0187
8191
4165
3791
6485
572
1077
2342
8731
8997
F0074
7750
7133
8729
10189
6436
6748
1778
9179
8391
1094
1774
2700
2892
4236
3031
7232
9063
6777
11196
8738
2778
6089
7546
11200
2310
8096
5556
6957
6958
9831
10166
3313
6073
3228
6302
7727
3662
6851
8342
11406
6369
8260
7997
7134
6911
9022
8358
11721
5615
10029
3220
6829
7449
8887
7742
8785
9768
11098
7756
2842
3466
3203
5785
7100
7077
9775
6782
6776
9843
10676
2417
2782
3230
3293
3836
3331
3026
5280
2770
M0139
8854
9012
10598
3700
4372
5458
4326
6189
6742
2470
4583
3275
5736
9971
1102
2070
4514
M0088
-60
6660
M0008
10560
7355
6900
7578
4441
4589
11232
4582
3975
5811
2601
4061
3414
4456
6708
8126
M0163
7101
7184
7182
3274
7458
10413
9110
8872
11085
9895
10376
5423
4170
7970
1947
6707
6537
7171
8385
7560
9056
F0120
4157
F0103
5564
6666
9169
7509
2858
9916
3940
11101
3129
4687
4615
5546
6193
6674
8312
9784
6199
6841
8468
5108
5510
6910
8607
M0217
8015
2933
4163
-37
F0093
7523
10309
8979
7108
8714
11510
10660
3473
3847
1745
52
4149
9940
6639
11379
6808
6365
8766
10351
11335
6318
5127
7105
F0082
F0095
2213
2711
F0098
F0139
F0132
6548
M0247
11325
10217
9211
10573
3260
4463
3885
4408
11253
F0148
7728
9878
6795
5406
6145
10119
2464
5692
7695
8836
2968
4322
4314
4670
M0087
7068
10420
7098
7109
11181
10647
6927
11736
4259
8071
9746
9160
1605
5488
5938
M0005
3097
5631
7161
9832
10466
4171
5491
6253
6923
5652
8524
3231
2727
8760
10332
2431
3008
2246
35
2405
M0159
3525
3127
8438
7139
6971
8612
9828
11752
2932
7519
11080
63
3325
4197
5083
6027
5440
4529
6188
7017
3803
5744
2262
3241
3465
F0096
4105
7229
M0119
3122
6627
6344
8089
-78
5329
6663
9103
10022
5589
7245
8741
6034
3464
4525
43
2926
2569
3080
6524
7158
6082
8214
M0157
6711
7504
10547
7349
10701
5960
6372
6434
9728
10587
6661
10393
3245
3524
7153
11807
11081
6967
8812
11762
5353
8686
7165
9149
-94
3893
6678
7033
2558
9203
10039
7095
8717
10219
6571
6472
9811
4261
4499
5078
4331
5410
M0061
2596
2963
3468
4520
9868
10317
8733
10283
10284
M0072
11386
11619
3692
8133
5662
6916
9914
7482
6842
4159
4592
M0141
1284
2118
2626
3402
6347
F0029
4531
M0105
6866
10753
9234
M0133
6386
6739
F0157
8651
8255
3665
M0040
1835
2716
3224
3840
8222
5247
3771
6178
7497
9834
11271
M0250
11345
9101
6551
7228
9845
10367
2851
6536
5146
5471
7215
9069
5468
6878
11405
6770
7036
2944
4535
2144
F0086
46
3301
5335
M0167
3235
M0265
10137
7083
7063
10390
9049
10001
9838
10403
9848
3711
F0111
5414
F0124
5866
2848
5557
7080
7070
7057
3432
8031
5085
6429
8076
5245
F0030
5861
F0065
8701
9745
7121
8182
3753
4067
2565
5635
8038
10159
7476
8798
11520
F0150
7749
3613
4121
4310
5228
3611
3839
8687
10130
11084
7223
8855
4361
5798
2607
3577
5520
7043
5237
9086
11542
7498
7455
10706
4621
6313
4255
8600
M0228
8740
11190
9897
11531
F0053
6070
5495
6972
8308
3062
3800
10640
5092
5959
-97
4452
4594
6312
3162
3014
3639
5469
6597
M0184
3234
5506
8561
6961
9955
7351
11083
11088
11283
3880
11596
10462
9732
9830
6701
10155
F0180
11099
11694
2604
11560
M0222
8473
M0010
2254
2465
2882
F0041
7009
M0244
10253
7136
3024
9023
6607
2985
7992
3460
5661
M0173
1744
8641
6976
10850
11514
6682
9918
6374
3614
4289
3455
3547
4115
3918
8467
6801
6939
10073
2811
2952
2632
3981
5549
F0200
8988
7454
8752
9201
M0231
9014
8047
8769
6521
F0105
4547
4232
4614
3575
10157
10059
70
3345
2841
4195
4489
8036
11821
7353
6608
7216
10417
9125
11529
9009
9987
11191
7699
9726
11614
8992
10279
11727
2392
2673
3307
5318
8863
1779
5071
3807
5606
6779
8957
10268
11534
11261
5703
7488
11549
4580
11103
11804
3033
3421
M0255
F0197
M0249
9119
11198
7739
5476
7144
8309
4258
6618
5855
2523
2871
3731
5741
7340
M0238
9840
2799
4223
5530
8301
6810
2531
M0058
6850
3776
M0055
7261
9081
10020
7716
5446
7122
4560
3764
3783
5087
3598
5394
3212
3107
9923
3305
8564
6162
M0202
2536
2777
6045
4403
3412
7018
2691
4229
M0196
4719
2191
3551
3785
2449
6134
9841
11400
9148
3708
7642
8986
3694
M0111
3038
6403
10663
5407
5885
11700
8985
5604
6680
10012
M0023
5258
10128
8112
5486
6902
7473
6644
8732
M0057
11820
10185
2330
2774
10348
11556
10147
6332
7267
8771
9993
3100
4136
M0124
6116
7575
10314
1756
M0075
M0077
9153
10563
F0083
-95
5430
7241
9890
2281
2818
5972
2622
2502
7707
8369
6827
8716
10218
8712
8415
M0232
8763
9100
10554
3079
2785
5898
5824
4422
5363
2214
3187
M0213
10136
2360
2977
3327
4745
6396
3029
2902
6616
7669
10227
6202
M0004
9027
10036
2468
M0188
7743
F0186
10685
3461
4613
8061
6825
5682
F0054
7730
9903
8209
4634
5504
11073
9836
11347
9816
5588
7961
6184
8118
4735
10426
2507
7493
7700
4542
4401
5767
8253
11220
3563
4384
7235
9114
9805
10595
9948
3960
3654
5522
8229
3961
6714
8131
5326
6980
4392
11134
11714
9884
M0252
11630
M0034
6585
8553
6824
8228
9998
6812
11149
7141
8434
5771
9826
3147
7492
8745
9158
9788
2666
2975
2422
3091
6422
2712
3691
4642
9038
11237
2490
4459
4632
6131
8056
5924
10154
10423
7046
8761
10302
6449
9237
-70
1920
2804
4377
6149
8869
9778
10273
9804
7308
8780
9163
11194
8044
7650
F0126
7113
8174
6060
11412
11270
3279
4297
4458
9839
11393
11660
7441
8718
11145
M0166
F0118
3065
9155
2803
2300
2929
3132
6640
7443
-131
8726
9133
3424
6813
80
2351
2941
3937
8725
11162
11767
4222
3338
5463
6766
6421
8442
8969
3116
5830
M0065
2420
2750
3141
4117
3408
5355
5147
6110
M0219
8305
2805
2797
9740
7576
9851
8005
9909
10241
6388
M0012
8723
4345
5428
6205
6401
10213
M0071
3284
F0085
-128
2268
2593
10125
9212
11265
4686
6973
M0235
9151
10000
M0084
F0146
7679
3666
6886
1243
4181
8080
6713
8273
10371
5435
4317
4513
7127
6424
3686
5900
7356
8334
9751
9759
11115
M0254
2740
6281
3926
6100
6859
4539
4512
68
4107
6462
3531
3957
8039
10453
7162
5719
5619
5957
9045
4177
10362
4340
8849
7048
9820
2576
6832
8145
8811
7619
9021
5313
F0078
3784
11695
M0245
10286
6636
6864
8147
9196
11177
11639
3970
11108
11266
2369
10490
2754
1722
11515
1750
1872
2370
2876
10634
9795
11111
8578
2232
11799
2368
2870
3154
2802
6452
7124
8546
4056
5243
5315
5500
6232
2174
4309
5511
2393
3192
3724
2306
M0090
5386
9736
9812
7466
M0257
2458
5493
4250
F0190
8362
9036
11701
4533
6508
6787
8268
10459
9792
10074
M0262
10129
11722
6718
7019
3123
3887
2469
7169
10060
6022
7692
11269
4193
6028
5279
4336
6560
6966
9073
9991
6929
8751
11158
11755
6907
10853
3810
2636
3059
5369
3312
2670
2909
3168
F0147
F0049
9863
5128
7512
-31
3222
5307
6322
7221
10299
7746
8275
6248
8756
11205
4472
6185
9034
2647
2905
11242
7452
7164
6579
11636
F0183
3288
2218
4034
6693
3482
10673
7205
11538
7938
10034
10705
6375
7574
10536
6500
5609
4548
4600
6177
7227
10234
M0013
3409
7542
8421
4213
M0161
2094
M0053
4453
4617
9748
3699
9849
10695
8584
11175
5380
M0031
8306
6609
7282
M0264
7620
4205
4055
4449
5265
10550
11748
11738
5424
6337
11097
7536
8204
8122
M0066
6210
2577
10520
-15
8107
10628
11687
9865
2656
2105
2413
9723
10014
3953
6258
9050
9164
5404
M0076
2874
10142
4249
5343
M0153
3832
8239
9174
7690
6509
5728
6723
10018
F0192
5705
9813
6654
9938
9040
6154
8681
6612
6988
8495
5988
2760
M0175
2132
2494
3277
8375
10631
6113
3569
3966
M0248
10502
8490
11689
9825
6715
2495
7028
6338
7146
8348
5819
4510
10180
10674
4387
9866
11809
8227
M0144
3513
6557
6484
4169
5841
5681
6561
6817
5886
2484
M0039
8848
3523
7201
9146
11723
M0045
9737
9799
8901
4033
3364
5742
6473
6749
F0179
11089
11223
4212
11652
2838
9207
10528
2635
3039
6092
2859
3602
3115
M0104
6840
7711
8823
7539
11599
7159
8357
8322
F0060
8680
4350
7151
1647
9005
10065
11087
5545
10266
7174
3323
6494
3425
5766
7939
753
1801
4113
6734
8285
3188
11411
M0230
8800
11719
5325
8794
11572
5075
5433
6870
7973
2895
7983
9855
7689
8444
9806
F0145
7677
5235
6038
7331
5664
6032
11255
3806
F0072
5411
6809
8315
3696
M0102
3469
4183
3156
9139
6888
7486
11602
5115
6123
11795
2374
3246
3633
6823
4164
6278
3073
10313
4082
5967
3722
6665
4196
10522
F0058
11352
10691
5697
6132
3948
2855
2794
7123
3003
2293
M0216
5451
8865
1819
5878
8401
M0127
10326
11092
7131
8755
9168
5405
5859
9767
10370
5472
10124
11240
11768
7638
6495
8709
4174
2544
7678
M0029
7945
7191
M0258
3625
8224
M0229
8744
10630
5387
5603
5743
8000
4635
8538
5077
8099
M0092
3851
5391
6433
8397
9904
10414
6539
11217
3642
5227
6904
3075
8856
9214
10559
6280
5835
2682
6974
6641
3139
5881
10496
1762
2474
9729
7735
F0032
9965
F0125
6061
5283
4442
8064
11737
2864
2832
3174
3283
5061
8006
4544
5299
5327
10456
5827
9094
3755
9911
9082
6410
6270
8316
3604
6096
10280
2499
3267
4106
4292
2715
10418
11304
5236
5770
8998
9152
9109
M0168
M0097
8777
6731
7566
6405
8220
3559
5534
5346
10596
11716
2362
3594
8666
3588
6650
9886
9020
5151
7438
F0144
10248
M0186
3453
8389
2294
1642
4748
3878
1646
2201
2869
8404
2445
10289
M0162
1623
1790
6036
6692
7258
5945
M0224
5285
2729
10206
3777
3242
3982
11201
5356
5129
6135
10270
2850
11331
6815
8137
8803
9216
10244
9790
10505
4040
1833
3437
2671
2978
M0083
8599
3999
6806
F0166
9717
10349
11558
2128
2261
8043
6920
7285
10069
6740
3545
4503
-46
4239
4505
5113
5865
7500
4063
8135
8759
6409
6743
10115
10392
7301
7507
8045
4378
5499
5887
3664
8109
2436
F0097
4133
2480
10511
5508
2835
10303
7640
2995
5950
7031
10205
8754
9192
7249
8278
7951
3430
M0051
10243
4640
9161
M0138
11173
11086
5483
8571
3550
10465
2285
2994
7526
11247
7288
6247
6130
3355
1621
F0002
6542
9172
10145
1600
3931
9814
7565
11070
4228
9776
10163
10508
11551
5059
2655
2290
2341
2455
9065
1751
1767
2188
4516
3793
6769
5351
8256
M0064
6727
7485
8970
9190
-27
6952
5713
4628
5997
7950
9083
11243
11544
8475
3685
10586
5696
6556
6686
8758
10231
11214
3276
3898
4653
3656
3997
3743
2683
3752
F0133
M0189
3765
6651
9859
9123
10037
8528
6868
10051
10412
6277
1096
11067
6255
8171
3191
2665
10127
F0177
10455
10633
11593
5118
6800
6567
7971
11541
F0036
4742
3269
8049
3459
8689
5261
8240
11708
7226
3419
9124
F0138
4053
3433
4194
6397
F0026
7434
F0182
10514
2844
9182
10374
6925
8155
9029
10346
3309
8184
4143
9783
2982
7993
8317
M0182
3000
11377
10495
5093
9072
2935
8436
11225
6799
6998
10533
F0013
58
3714
6021
3901
7022
7465
7596
11751
9074
9977
2027
5533
9208
10621
8453
9252
9017
7297
8728
3137
7224
8225
3910
7298
3067
9930
9719
10006
7209
2415
8774
10032
10369
6114
6505
6947
10546
10344
7167
5080
8333
11138
M0017
10650
2801
11676
9943
7212
6239
7472
10594
11350
11537
11259
9018
7251
11102
10523
7543
11141
9004
10015
4663
4480
9921
6839
5498
8804
11258
6670
6620
6478
7477
9200
4369
3032
6366
8093
9912
10316
9166
3915
8318
5453
11764
8192
5226
7478
6745
1777
4036
7581
6093
5574
2792
3149
7962
5709
6791
4497
10334
10684
7126
2489
6702
6704
4094
F0188
5712
2674
11798
11592
6913
6264
5758
6525
7533
9013
9988
5826
11226
5517
2609
7532
4029
6554
8795
9754
6820
3509
8478
5479
5862
F0171
9932
3166
4045
4089
10539
1879
11698
9919
8454
11679
5301
11216
3947
4191
F0152
M0226
8549
6069
5913
7977
7253
8567
3500
8608
4224
8976
3081
8237
8606
6613
5724
4210
M0208
6357
10411
5273
3750
3070
10742
9974
6327
6940
5829
4134
4162
5591
5954
8111
11125
1617
1754
7058
8233
6186
8517
4019
3388
7705
2181
10530
11659
2190
5905
8409
9945
1639
1785
2633
4138
7713
2204
8667
3302
3727
10345
8783
11231
4397
6143
3689
F0122
11827
10506
2988
7984
8313
6645
6626
8139
8030
3837
1787
2202
6362
7213
8380
9046
3159
7463
8719
8616
2732
10653
3909
3944
F0016
10188
11605
5907
3993
2203
2629
7479
5541
1742
2186
3687
6445
6915
M0060
7202
10296
8189
7214
7994
10224
F0090
3478
4354
10697
1780
-71
11195
4225
6798
7117
3475
4662
2776
4374
3035
7106
7283
F0055
10458
10564
5698
6562
11559
M0241
5378
6063
6380
5797
6488
8221
8636
10599
1592
7634
3358
6552
6477
7318
8802
7176
3590
5965
3190
4323
4636
4506
6066
5964
2610
3365
8871
8820
8265
10239
7548
10245
F0076
-14
8356
5920
10024
2248
11543
11373
5114
3382
5658
11290
6951
M0142
2169
3476
6689
9062
11750
2900
6624
6047
6785
7480
5076
6586
5112
8136
M0198
8332
11168
6271
F0037
-76
9198
2836
6834
9084
747
2991
M0125
11390
10406
3219
2899
3093
6226
8655
5548
7956
7525
8682
3925
6656
7189
7668
6816
7218
8217
6464
3034
6698
8610
3943
-65
3549
4065
7094
9770
9924
8967
6845
10330
4012
8245
10649
11644
5496
5947
M0049
9735
M0106
3263
3620
4414
-126
6381
8072
11288
8244
6269
2701
3020
3069
6267
7044
10519
11579
3682
10260
4005
8033
6090
8250
-22
71
-75
7263
11131
11664
10331
6
5524
6443
11291
F0116
5690
4189
F0107
5448
7682
2391
8037
7236
4124
F0028
8673
7627
9213
11333
5434
5983
7016
1765
10427
10529
10610
11295
11303
11276
2652
11399
11720
5795
4434
5911
F0007
2326
4000
5611
73
3706
M0214
7644
5894
6333
7614
2273
2426
9853
10196
10645
11286
2719
4420
7289
7691
5974
7618
10491
11760
9931
3916
M0095
11307
8808
9985
4150
11818
6867
8972
9087
6936
8753
9219
7755
9080
6404
11631
4450
5684
5892
11671
7734
2734
8813
9220
7294
1808
5980
11672
4050
9854
M0136
7586
F0153
8419
11789
5481
5903
7936
9780
8355
F0169
9744
9249
9808
2845
3351
7693
10618
11678
2508
5154
3252
7177
9199
1081
1793
3040
4427
5482
7929
6894
3356
7688
F0191
F0009
11395
11677
7193
9096
10061
3968
4366
5773
10636
11330
7210
11135
11728
10110
10416
4356
6262
5949
9766
4689
4655
5142
3677
7339
4172
5233
8991
8100
3535
8463
6121
6364
8106
5624
6153
10562
3372
2692
3270
10854
11569
2513
2359
3244
8971
6619
11252
6642
9016
10311
5462
6442
9248
10557
7674
11110
11800
6987
2964
4042
9937
8656
8251
M0227
8630
M0020
5659
3978
5572
10340
11169
5449
7981
3596
F0155
8644
8476
F0178
10457
10693
7336
9944
2463
1648
2810
6877
7004
8074
6629
10609
11693
3701
10131
3897
11603
7451
4211
6559
M0225
8548
M0197
4672
M0178
3344
3903
3621
7042
7471
6677
2315
8291
2198
2922
3158
9942
4268
10581
6370
5738
6883
8151
3684
7003
9803
8631
2904
6453
3942
7645
9035
9989
M0256
-108
2329
6570
9741
9981
3470
4306
4315
2461
3055
3570
5856
2620
3155
M0114
3977
6208
10324
11249
8640
2383
4590
2038
5870
5928
2720
4579
10515
2602
3320
3853
10440
10532
11132
3239
9889
10238
8743
9222
2210
10171
9129
3462
3560
6761
8884
6175
6836
6241
8705
3134
11305
11306
4428
11236
10132
11248
4316
6308
10478
9892
2244
2448
5732
10237
11315
8026
8223
9793
11150
6848
11509
10656
11166
11100
9797
9819
11383
11774
6956
10606
8462
8302
4048
9165
6053
10010
11663
3176
10292
6818
6632
7026
8119
9052
6735
5560
2266
3304
423
2037
7272
4402
5643
11171
4256
8019
3932
6942
F0154
8642
3788
6104
6490
3582
6584
3172
5793
11301
6576
2257
7361
6363
8124
10246
4417
10385
9061
3838
8862
10566
7937
1839
3394
4651
2133
2305
2554
1993
7979
3061
3474
-116
5834
7594
11154
3308
3179
7940
4602
9039
2313
2512
9138
3183
6662
7600
8411
5293
11137
6893
7337
8627
7571
4581
9891
7087
3256
9093
11519
3200
6737
7684
6873
9857
10365
6246
6157
5250
7273
6905
8293
6222
9913
2663
2919
3226
3511
5607
11646
7657
4409
6517
9872
2518
2916
6736
-135
9847
3790
2762
3653
10200
5847
10713
11718
9193
7244
6268
4100
3554
6454
9071
7222
8198
11570
7287
2559
8081
7943
6400
11403
4086
11819
7364
5244
7573
8605
9731
6356
6790
7316
10624
8168
3747
3758
4561
4669
2893
3626
10254
5384
5503
6030
5932
3084
4412
10258
11144
3328
1635
5918
8639
5642
5908
4381
4573
6729
6890
8152
10553
4127
3381
2743
10541
4475
2280
11280
11328
7590
8850
4394
3484
2833
11208
11734
3718
2530
5104
5585
6254
5288
F0121
5286
8272
2825
2304
78
4085
4620
2822
7198
10011
9037
9901
10169
8417
8700
3472
8574
10677
7254
9075
10714
7037
7675
11811
4083
5769
5992
8013
4277
4016
6451
5946
7719
8420
11183
F0109
10335
6712
-32
4551
4605
3336
3638
5497
7673
11215
3959
7549
9791
6981
9108
5727
11148
10435
10504
4303
5079
5848
3976
6992
6448
3576
4365
F0164
8978
M0263
8407
9011
3337
1100
7516
11334
3632
3675
3693
3813
10319
4566
3965
5554
6755
10040
6020
2525
8555
1979
10031
1760
5116
5883
5896
2425
7041
7757
8288
5937
8791
5746
3171
11308
5991
4564
9060
11082
11090
10549
11668
8448
6935
4240
10295
8833
6989
4066
10315
4677
10046
11683
8090
3140
10229
7255
M0074
4502
6941
6197
5068
2816
6854
9957
10223
1792
7012
7128
6493
2185
8284
11122
5106
5492
8520
F0081
-90
3112
9867
8472
7641
2537
5294
9906
4457
10402
10278
7708
8623
9829
10133
3208
10135
4079
10058
10114
10211
4233
3332
6730
5708
8052
-73
4684
10300
3006
9738
10064
7437
7680
M0174
2124
2575
10187
-93
5140
5135
9856
4284
10160
10375
4009
F0075
-8
3974
2690
4146
M0176
2197
10642
11651
3712
7248
2314
2542
6611
8736
8965
10585
4509
3920
5576
11653
8321
9960
7240
8537
3690
6390
8105
8303
8720
10611
10439
2430
3922
5298
5910
2798
6906
7076
8542
2192
10306
8280
2986
3343
3243
3623
6507
10005
6855
9127
3775
6826
7200
3045
F0175
8491
10172
F0136
9079
9115
2541
5124
5882
-42
3829
6950
8845
10261
10215
6784
6600
7090
8248
11621
3042
7623
2324
2209
6426
3988
8300
8399
10540
3390
6316
3678
3886
5995
4668
2646
8179
10210
5982
8035
6506
6771
11267
4018
7508
3403
10501
5523
7944
8410
11525
4379
5259
10192
M0207
6211
6694
10425
11562
4296
3015
9245
10355
10679
9176
10582
5310
8963
4139
7225
8196
11637
8457
5618
7741
8864
8238
3866
9882
5837
10368
9137
6320
4477
6329
6200
8065
9852
10167
9747
10499
10472
2515
4064
7238
8282
8211
4578
4541
5159
7651
8775
3144
8819
7149
3737
2529
10255
11310
8297
7655
8104
7062
4037
6391
2736
6921
2298
8337
2584
7138
8108
M0122
3298
11634
9929
8711
2433
3254
7462
7591
7647
3906
4638
7000
3051
2381
7204
2488
3278
5968
5852
7737
8559
11522
8637
7568
8790
9194
2984
M0042
5781
M0221
7535
8447
4373
5550
8493
6065
45
3644
8507
10518
9078
3138
7604
10396
10709
9752
7436
6758
9226
9953
F0108
10305
10703
38
10272
10476
9002
4674
3954
5516
1999
5507
3772
4389
3732
6249
3555
7073
8068
8094
11577
11284
7569
9170
4180
10543
11758
11533
8770
9743
9963
3913
3739
6107
10481
6172
5578
4186
10307
3021
8232
5562
8484
9968
9239
4626
9188
F0059
3085
5512
5899
8370
10659
11508
4622
7559
6064
4153
4665
7635
7011
6653
7309
7966
6304
M0236
9223
F0094
3329
4283
6251
3710
10310
6496
7435
3124
5450
11238
6468
3023
3496
5763
8274
6466
8103
9950
9066
4044
8835
6106
11140
8402
6384
8757
9001
3899
5586
7656
-109
6983
8159
2250
3543
8102
4658
7975
6601
7524
5854
8324
11152
4334
3086
5833
3007
9925
5091
3387
10358
9941
2890
7563
5753
3448
11726
6954
9028
5977
5457
8982
10379
F0129
6256
7277
3271
8219
8587
11594
8471
3709
10622
6126
9949
6169
9984
4234
5246
6223
2951
7290
4435
8543
3418
7266
8364
10421
6587
8128
11654
11116
3485
3160
6173
6430
3074
2903
3377
6738
8175
5400
7035
3481
8624
3671
6622
2600
7281
7137
10667
9209
10016
F0034
6125
5893
7484
F0033
11823
11815
M0131
4001
6165
5737
3333
3892
11264
6059
6300
3795
8993
9116
7959
3508
10569
6604
3546
3063
8058
7447
8696
8824
3522
3831
3354
4081
7985
8194
11241
3217
9019
2796
2980
10143
7514
8580
5436
5634
5931
10337
6944
2990
3964
4585
2419
6078
6407
-18
10301
9077
8123
10162
2291
10179
3150
2992
2937
5340
9132
3587
4199
4333
3110
8474
7558
4644
11744
9030
11573
6122
3679
2152
2618
4111
8299
8231
7276
1829
6793
6695
7027
9835
9772
4320
5134
3674
9064
9967
4492
7335
3216
3385
6946
5890
3315
6198
4471
11147
6960
7597
7180
8181
5494
10428
10593
11254
3167
3536
11626
2438
2574
2478
7933
5923
5149
3211
F0117
5701
7489
7286
4680
9899
11274
7706
7023
8479
3128
1739
8241
7747
5518
10471
3773
9007
6139
6643
10341
11159
8393
F0181
11278
8384
3429
2739
2672
4619
6095
10445
5553
7550
10298
6156
2962
6932
2352
2940
3987
4013
7203
10538
4252
6997
8575
5332
5477
7553
8635
8452
10391
7280
10489
9785
-81
2898
9227
3927
6628
1747
2894
8177
4576
10410
11164
5622
7659
10363
3299
10637
9142
10038
9871
8646
6361
10027
1776
6891
8668
2519
4538
2930
3754
10492
2410
5904
10468
7564
4347
-20
10639
11776
3400
10325
2561
3802
11206
3599
M0143
4295
3798
2442
9928
10333
11203
7557
10483
5706
5891
7170
6119
10195
8374
5778
10357
5454
9970
4108
7111
9195
7296
4390
10190
11212
10747
9721
4648
5962
11682
2390
6217
5916
3064
6227
8008
11517
6515
5948
8087
F0165
3939
11759
10419
F0051
4147
10056
3426
M0200
4074
6476
4078
7518
8206
4076
1622
2456
4744
9827
10405
2454
4158
4609
11126
4227
10486
8552
7168
8747
11272
11673
4109
-45
4511
5337
2920
7551
8263
6368
10531
10686
6614
6773
6402
6668
8140
2780
4599
7687
8858
6377
6996
11392
M0177
8677
7978
2068
11118
2505
4269
4567
3249
11658
4550
3019
3646
4125
3756
2497
3041
10431
8344
8638
6085
10632
11808
11163
10437
414
9057
6341
11618
4444
M0137
2483
6672
11277
9837
3606
3861
2504
10704
11268
11797
2753
4035
6783
4500
9756
10544
10395
10584
11143
8659
10601
11285
6519
7260
5993
7960
11666
7517
8325
11512
4690
5377
10285
9026
6912
2527
10678
11622
11607
5157
8016
10202
7736
2311
2543
2723
10134
3163
8027
3056
6352
8851
8352
8003
9048
8157
6273
-117
7088
9800
10551
11293
10500
10165
6819
8292
8601
9858
10470
8767
6395
8460
9058
3177
-36
3113
5979
8405
3729
9798
8645
11681
5721
F0140
7102
8185
7440
3092
4400
2824
11518
5784
3439
11578
8786
8213
2566
2868
2533
4650
11342
6098
F0088
2407
3498
7469
5370
6191
3826
8461
5828
6984
2496
2196
2259
3058
11298
3746
2619
2896
2812
1837
-66
9956
3399
11729
6959
4433
6213
4623
8311
11211
2862
2744
2827
6706
6733
6631
9807
2958
11391
11757
8702
5473
5160
5895
8079
2397
4207
3077
3811
7120
2265
10394
8480
4391
11747
11174
6128
8591
6417
11317
10694
11739
8413
11128
11104
11172
11715
-12
5800
6067
8602
2516
5627
8579
7197
M0220
3955
2621
5825
5126
2423
2608
2938
6741
3688
11574
8394
11745
11178
2630
4041
6252
2642
5388
9720
10329
5810
4445
1797
11675
8361
8679
7502
5915
10304
11568
5733
5445
7270
4024
4087
5976
9761
9229
2498
8319
-26
6419
3768
5832
3824
7130
9934
M0243
11207
10339
2184
5344
5842
3822
8205
10401
M0194
2141
M0115
4490
F0066
11516
3650
6802
9722
9907
4204
9076
5874
3131
5846
11245
2427
5569
8570
3486
5990
7005
7135
6142
9112
10009
10438
11341
11706
M0192
6385
2911
3492
4491
11257
7307
9097
7703
6225
3229
4291
7631
11635
7029
1108
8083
6339
11710
2650
11546
10651
8022
6334
8707
3504
5790
10193
4601
10535
9092
7491
8433
8990
9762
10252
1811
11632
3950
10682
7733
6630
5774
5780
9088
9992
10076
9136
3597
4071
6458
6460
7052
5919
F0024
10070
4591
2694
2872
11528
6514
7583
6933
6858
3561
5863
22
1814
F0142
7360
8023
11197
11713
4072
11282
10386
5808
11642
11805
11401
2840
4376
6237
2999
10318
11311
6659
4478
3233
M0223
5347
11590
3374
6383
3444
6728
3360
-130
4182
5345
5385
M0210
6595
10620
2814
2122
10364
7556
8566
10475
11633
6243
10175
4325
4645
4415
6204
11655
3310
4151
7986
2813
6398
7667
3786
2267
2775
9224
6418
10657
5902
5470
8326
8621
9186
11829
7709
8207
2319
9033
10221
4015
4112
7696
8825
-107
4481
3657
10382
6413
2887
10035
F0089
2429
3616
5755
8215
3917
9908
8257
4393
3774
8164
8595
10277
8167
5748
2371
7116
2730
2180
2384
4022
2603
8095
8841
4375
9887
11547
10220
11329
10493
9070
10354
7660
9862
2034
5909
2477
7474
10050
3507
11688
3120
4312
4737
4587
5845
8092
5806
M0191
4025
4429
6387
4563
10575
11585
7024
6744
2756
4260
6276
2959
11692
8721
11532
9815
3595
6705
6953
10555
2849
11176
6481
6889
4218
F0091
5383
8981
3018
6754
3205
7148
10664
5665
F0149
7731
10321
11407
4344
4118
3544
6555
7531
11743
7953
10271
10498
4413
6469
4423
3914
6115
6903
3973
2947
3169
8519
4448
8885
3998
5131
10380
3557
3715
-143
8199
2664
10269
5776
8121
5333
5678
7001
8789
7326
7160
7990
2820
8626
5963
10662
3814
5625
5502
8057
4527
7007
8115
6700
8522
M0260
4624
6887
9041
6985
6865
8203
10328
6569
11106
8428
6272
8562
4293
5382
6835
8004
M0193
6732
2473
11209
11527
4006
6756
11344
2486
8431
11770
6081
6673
6266
5779
7002
5879
11784
5303
3745
F0162
8704
F0163
7537
5306
4593
6330
8792
1749
8195
11624
5985
11615
8114
2067
2308
5794
8633
3384
6305
6828
9051
3262
5726
7752
9111
11711
10617
11323
3812
4388
2557
4484
9976
3133
8264
8513
10041
F0018
10141
M0203
6498
6603
7527
9771
8276
3670
3501
3889
6901
9225
10443
11273
7014
8341
9781
2865
6522
6623
3054
11588
5718
9043
8427
8360
F0156
8647
3716
5850
4681
3541
11536
9982
8875
5073
8032
5487
4647
3733
9894
3186
3584
18
11627
5857
6751
7665
5702
7544
9861
8648
9118
2412
6914
5570
3766
10409
5358
6138
3819
5888
3359
9870
11170
4198
5375
2357
5155
6108
8051
4664
7446
8847
7496
8569
5989
8335
9197
8113
9140
10003
10512
3905
7295
6111
10576
7957
8246
6699
9120
11746
9927
6880
3499
3105
9765
7279
9095
1632
5791
10590
3742
11394
7718
8025
5668
410
10583
11735
8604
8170
5754
10480
2976
3151
11161
6875
6358
8142
4011
8346
6015
8041
3467
4202
6993
6637
3025
8583
3218
5872
10372
11142
6710
2439
8349
5489
11667
3924
3801
8408
8489
11557
8190
11608
7534
3858
5362
2485
2735
4263
7239
6849
8964
10683
6482
3804
8034
3178
2411
2615
4002
4214
6160
9961
4237
8799
3010
2679
3094
3148
10146
F0187
11828
3823
F0110
4052
7481
2779
11326
2580
9256
10186
11629
7601
8683
3622
11408
11656
4604
5066
2910
7989
11114
11167
59
5409
-69
6231
7954
4530
7615
9774
9090
4348
4483
2731
4351
4611
6922
2318
4421
6532
8592
11712
6898
8149
10236
4424
7061
2914
5521
3371
3809
9821
7639
7561
7328
-102
-129
8097
10235
10513
11256
2446
8146
4360
M0211
6638
5529
4596
8857
10460
11761
M0246
10397
8572
7250
2340
7179
10019
4167
11376
11802
7034
6242
11699
2517
7522
8554
4625
11580
2205
3888
4572
7025
8216
7330
4526
6774
6141
3707
4607
10430
4273
2728
5926
3601
5109
2501
3574
2808
3787
5072
8615
5823
9228
11709
2110
4003
7666
9875
2934
5796
-11
10320
-44
6192
10579
11287
3891
7152
6446
2238
11625
2831
8085
6428
8477
6470
8831
5906
7621
9184
3095
5871
11136
6029
8557
5927
8611
11182
4123
6474
6720
10049
8826
7501
4032
3713
4281
8456
11251
8620
4616
9922
7663
10604
8573
3705
10680
76
5901
10454
6250
7653
10432
4528
5897
6897
8153
8690
10207
6487
3702
10322
3921
6703
4688
6035
9183
6881
8532
10570
10517
8829
9980
8212
6879
8200
8779
11279
5760
6968
62
3779
5761
11680
10625
1994
8866
2757
3036
7333
8772
9055
6669
8141
11553
3240
7515
8439
7119
F0113
8464
7259
8354
10591
8069
7964
7190
3794
9713
3912
11545
9846
5799
3257
2751
-35
10055
8565
4682
8084
9888
8619
9973
7605
8558
9879
11732
2745
3647
4208
3078
10033
3972
4671
10361
3491
4338
6807
7010
6483
2556
10548
11292
7032
11193
5311
5725
10168
11617
7701
F0099
4142
11235
9997
9920
4494
10641
7697
3719
8414
10312
10487
2897
10638
11296
9824
5914
11772
11591
2441
4253
11740
2145
2550
4294
11674
3411
8784
2187
M0118
2108
4248
5838
2457
5942
9025
10613
11641
11563
4630
11647
2993
10275
8563
8581
10407
6091
4565
-48
4031
2875
11782
10521
3266
8469
11263
4493
7595
5814
7622
8632
-58
11069
5308
3322
3011
8983
10276
5354
11
6480
4474
2888
8183
6245
3340
11587
2823
4643
4007
5975
7299
7592
3294
5921
7275
11113
8843
3763
5936
11741
2949
8449
7980
9877
7545
7439
8582
10294
6876
F0130
3778
8150
3251
3855
9873
10635
4276
4047
5757
8161
9779
8443
8430
7602
2466
4287
-104
9187
9794
10208
11094
2475
4426
4586
9091
2747
5474
4187
10473
9006
4406
10447
8801
6109
11219
6970
3843
3206
9874
8418
7630
6520
5772
7942
6290
4342
7987
9915
11645
11155
10194
9917
3109
10442
7967
9880
4272
8290
8588
5074
6461
11133
6094
5441
6594
11628
9926
7506
3929
4247
8530
5282
10707
4075
8350
3493
11297
6871
11733
4610
11129
5876
7334
8077
3449
5359
-91
5749
5390
7015
7450
8366
9782
11275
9015
9180
6292
11650
1286
3101
11409
4023
10644
10359
4046
-25
-47
5804
7963
7567
10264
2773
2586
8830
3503
10568
5952
8396
8340
1840
8187
10148
4341
8432
11313
11643
6657
7570
9177
4439
4438
7694
4148
-13
5812
9850
6838
1988
7625
4405
9089
10008
10509
4275
4436
3477
8534
7059
6648
9156
6346
10626
11831
5478
5934
7132
5739
11165
11262
6590
3558
11610
10400
6497
9979
2482
2521
2741
4090
8193
3287
8298
8289
5973
6257
7243
10619
2946
5775
3370
8277
-67
7291
3635
4057
8339
3573
6209
2866
9896
4464
3436
10702
2428
3145
7510
6212
8593
8672
4126
3761
6664
2928
6465
11566
2526
6955
9972
7648
4288
2343
6544
6416
8067
9724
1203
2493
10281
3645
M0190
3956
7941
2758
553
2989
3769
10485
9008
3393
9024
2634
10537
6161
2316
2591
2302
4738
2528
6216
7327
3375
M0183
3117
4264
11742
8176
8597
6037
7155
9167
6146
8541
7672
7103
5998
7325
7974
9054
9232
4411
11210
5339
2471
8422
2763
3502
5939
7069
7292
10323
11199
10672
3483
4661
6328
8400
11657
5822
5559
4476
6378
8010
6596
9134
28
10242
4028
4568
M0242
9910
10176
10226
3022
8098
4145
8116
9893
11648
8020
2981
25
9105
9159
2889
7968
3518
3004
3103
11548
4496
9952
3637
2467
4175
8544
3099
4608
8009
2913
3605
7617
7091
6194
6382
10062
7686
6263
8739
1818
11188
2638
6050
7541
10209
7988
10699
7346
5943
6872
6977
3726
7302
9131
2724
11765
10556
5264
7712
11586
5536
6389
10542
6963
3986
11769
2781
8383
4504
8210
2983
11754
4265
9864
4154
6174
10477
11382
11803
2765
8547
M0234
6144
6716
6847
5558
6572
6564
6862
8481
7300
6467
2717
2472
6895
8202
7629
11616
2696
8154
10482
4523
3386
6709
11822
2846
23
5782
2208
8372
3797
10025
4062
3334
8295
2418
6563
8966
7554
5987
11575
6097
F0194
8661
10214
8286
11794
3401
10623
8086
8328
7538
7562
10057
8235
10228
4574
6978
2839
5161
10696
3068
7969
8351
5571
5582
6335
10282
2748
9206
8252
6056
8323
3321
2678
6379
8271
10225
11550
2435
8172
10627
11662
7220
11584
4446
4119
3904
7513
5956
8294
6852
10614
2327
4043
8860
11260
7946
10692
3376
8852
11246
4367
8853
10121
9032
3526
11824
11353
9860
8144
7982
8234
10578
6621
10150
10567
11649
8665
11095
3071
5090
8088
3721
3189
4058
3012
5088
6229
7948
10588
11343
11697
4060
3152
7104
7685
9185
10444
7332
11611
8307
8589
3083
8778
8586
8330
9869
9031
5815
-50
3736
11686
2771
2912
3617
3066
6503
11153
3479
3600
8550
11072
11606
8347
10612
10711
11289
5707
7754
8545
2761
8796
8296
8236
3352
3630
6573
7175
2867
7598
2857
7636
4455
4280
5350
5929
11601
2793
10182
9933
5532
4597
11638
11576
2137
7487
6975
11157
2722
3108
5360
10274
10013
11783
8425
6360
8379
7467
5537
8658
8685
7470
3082
10212
8722
8435
4508
3458
8078
2625
8664
7520
8180
4069
2567
2948
6201
11530
6158
2881
11581
4059
3090
11105
11826
2943
6635
1799
3013
2809
7643
7060
7499
8482
7996
4077
4479
3995
8662
7958
10422
4021
7955
11749
3043
2883
6578
7681
3919
9150
10023
9755
5880
10007
2299
8186
11707
11127
10080
10178
4524
3532
6931
8156
11539
F0077
6523
4080
7049
10265
11690
3683
3980
4054
9230
6885
7293
3126
2524
2786
8535
9162
8465
6167
11623
10681
3441
3789
7637
7947
8459
10308
10675
3643
5843
7013
64
5912
4380
8577
3581
11204
9966
6224
8378
11324
3907
11402
11691
8377
5257
8165
11554
2956
6526
3720
7949
3016
6574
7540
4437
10602
2767
3983
8629
3416
10201
8281
8130
2738
8117
9883
3089
6265
2764
4486
3572
3672
4382
6803
7208
8173
11724
8398
7096
7154
3883
3017
5925
6634
5062
5941
2613
8143
9099
3818
8018
3767
2511
3114
3936
5820
10342
4128
6166
10174
8814
3994
10661
8888
7247
5366
6233
6995
11540
3949
11360
11609
10360
1610
7468
8314
6101
8054
5752
5869
2657
8218
9810
8247
3506
9010
7054
11703
11349
7195
8345
9818
2514
8540
10389
9902
8533
4679
6041
7006
8287
7188
5787
11299
2759
8653
7652
744
4286
5136
7584
8373
8125
5940
3398
9939
6019
5836
2242
8818
11825
8560
3529
11160
9936
7181
7317
3210
9181
3618
10572
11583
7702
4178
9715
9202
5747
5694
3934
5933
7147
8390
4569
8703
6516
10287
5875
6291
3530
2878
8162
10383
6919
11717
4132
5844
9796
7040
3591
7125
8338
11725
11665
6183
5509
3730
2660
8208
11120
8822
7341
8977
8699
2737
11612
7995
4519
11756
6647
3760
3225
5566
3135
2725
11521
-77
9996
8230
2960
10181
5148
8837
8101
5801
4485
10670
2195
9141
4038
5357
5567
3434
10603
9145
3962
5792
11781
1781
8132
8262
10484
10290
11221
11785
3553
6830
8310
10643
9844
2726
5717
2481
4135
3655
7599
8382
11320
11244
11702
3373
10184
7284
9777
8353
10164
10463
2979
4231
10240
11598
9885
3649
8706
3828
9946
10021
5253
4571
9742
10381
11535
8628
4137
4116
7460
11613
2098
9730
10108
10378
6244
6457
7632
3361
10574
2749
5955
4584
2408
7464
10408
3780
11281
2891
8075
8429
5999
3631
4122
1946
3882
6140
11218
5723
4049
1625
3805
8451
7269
11294
5277
4430
5716
7931
2901
7242
3946
6180
6863
11704
2072
10183
11620
9739
6289
8029
8694
8331
10658
2915
4220
5877
7495
11773
11788
2440
8654
10615
3098
7714
5858
11571
4570
7461
3894
1843
8844
10291
6964
3494
8652
9175
7664
5740
8821
4371
5978
10356
8073
8017
4507
7237
4368
10503
8261
8320
2742
8012
8336
10173
3698
5840
10708
7457
8148
10510
2380
5730
3001
9935
10507
7972
8568
3951
5540
10589
8040
3118
11523
6373
11830
8671
10204
10429
9113
5750
9711
8445
1963
7315
5922
10373
6355
2434
3143
5731
11780
8980
3902
F0127
6068
10527
4649
5637
4654
10479
5817
3272
11356
7145
3540
4487
8053
3580
10233
7671
4298
10230
8842
5783
1768
2207
11321
9959
6420
10452
11139
10648
-136
8386
10424
9130
7530
3087
3792
6351
2510
11564
6105
4612
5789
7338
1652
3911
6853
10580
6652
5568
10652
10671
6846
2828
4641
8859
7579
3369
3728
3565
9107
6112
8050
9189
3640
3673
8523
8609
6575
6350
3703
10199
7624
8243
3833
3660
6760
11336
5953
3896
1743
10488
10592
3781
6456
3060
5270
8368
8742
10256
2837
8048
6087
7577
11348
6649
2189
7448
3534
3342
2974
8269
2552
3072
7456
11771
6179
11227
5331
9964
6580
10117
11582
11146
8806
9995
10558
11413
11239
11552
8634
8466
11796
3053
4675
7965
9173
11378
6393
6882
6399
8441
11597
3629
7268
3669
10017
10654
7521
10177
2450
3247
8021
6856
9047
7715
11766
3452
6772
6215
3052
3938
8120
11730
8188
10404
6965
2389
3900
F0161
8697
8163
6861
3005
5464
10338
8423
6450
6359
7976
11669
3661
2769
6610
5966
7150
7231
4140
8371
11229
4114
6203
8764
2018
4216
10262
2578
9144
2424
6447
7528
8846
5452
6394
4667
4603
5393
11705
10198
11202
7233
8816
4419
4673
11151
2815
9122
8536
11186
5687
3030
2500
8521
8416
3102
5860
6602
7207
11787
8450
4246
8082
3992
4398
3890
11066
9789
9842
6367
11817
1283
M0218
8024
3207
3741
11384
8776
4451
8614
4339
11192
3297
4221
11526
3396
5821
3608
4026
5807
8613
11410
11068
5951
11731
5138
5679
8226
6228
3985
6309
8254
4518
5813
7654
8329
7683
6437
10327
5853
11124
8437
3363
5352
10552
8042
5234
3603
7505
5580
2936
7649
11230
5818
7211
11316
8688
11387
7445
2766
11763
11234
3517
5867
5583
9823
3676
6438
3566
10524
8166
6306
1992
8737
4349
7580
9154
5538
3258
8531
3335
5519
8598
5527
7274
10071
1987
10170
4469
4646
5432
10629
6152
9128
2649
11600
3770
4020
8556
6163
4606
10250
-21
4192
9135
2654
5563
2522
3895
10398
10399
5336
3808
4039
10028
6218
9753
6002
10384
11322
-92
6431
11561
9983
8590
3989
8014
8840
11684
10336
2588
3125
3735
5935
6427
7114
8160
3933
7740
11604
11372
8091
10494
-106
9763
9243
7129
6412
10004
-105
4425
4656
11753
5638
3923
9958
11228
4676
8388
8138
2564
10669
6908
6392
7662
3505
4201
8011
8839
7156
3519
7732
11381
9969
11156
10616
10247
2258
6439
5374
3050
10259
3057
5729
9712
2746
3663
3908
3130
10655
7183
3930
2194
7670
10571
10545
8622
11375
3941
8259
8440
7511
8426
7490
7646
10415
9905
6049
3990
11093
2907
6924
6117
11300
5788
10534
5868
7626
10646
4515
3578
4092
3825
3619
11351
8392
6371
7278
9990
6279
11589
7066
3740
7178
8381
8363
3489
6415
6581
3136
11565
9085
11685
6340
4017
9900
6230
10263
6606
5996
4176
2877
10474
5304
6504
6767
2939
2406
4358
2854
4215
9042
9003
9059
11222
11524
7991
6207
7264
2295
8055
11777
4637
7442
11374
3146
11185
8279
7166
6814
6190
5065
10353
10366
9951
3668
2806
9760
4627
4588
2675
6489
8063
11180
3971
9044
9117
8698
6582
3515
8594
11250
31
4267
3695
6432
4352
5057
3624
11670
9250
11184
3984
9962
10257
8028
6103
11595
4543
4110
10665
7047
9102
9147
5786
8529
8249
4370
6549
3423
10203
11332
9975
2159
3667
5320
6181
5930
10030
2503
3751
10525
11327
7582
3610
11312
10197
1234
9733
10297
11513
4152
7661
6137
2667
3844
6527
5839
8343
3717
7329
11696
4355
7453
5735
5756
6759
9999
8387
8617
6024
8576
8585
4160
5734
