7486
7463
7498
7510
7521
7499
7511
7451
7526
7467
7479
7491
7468
7480
7437
7449
7520
7461
7438
7473
7450
7485
7462
7497
7492
7481
7515
7493
7505
7049
7074
7034
7060
7022
7048
7007
7033
7042
7006
7212
7285
7224
7297
7236
7213
7248
7225
7260
7237
7273
7249
7261
7238
7274
7250
7286
7262
7298
7275
7214
7287
7226
7299
7635
6893
7647
7659
7636
7671
7648
7683
7660
7695
7672
7681
7693
7670
7270
7682
6688
7694
7634
6083
7646
7099
7255
7232
7267
7244
7280
7256
7292
7208
7281
7220
7293
7684
7661
7673
7309
7685
7126
7710
7637
6910
7649
7489
7466
7501
7478
7513
7490
7524
7502
7475
7454
7525
7160
7135
7173
7147
7186
7161
7198
7175
7110
7187
7122
7199
7434
7506
7446
7517
7458
7470
7447
7482
7459
7471
7114
7191
7127
7203
7139
7115
7152
7128
7165
7140
7179
7153
7632
7718
7644
7149
7656
7668
7645
7680
7657
7692
7669
7209
7282
7221
7294
7210
7245
7222
7257
7234
7269
7246
7052
7077
7037
7063
7025
7051
7011
7036
7102
7024
7090
7010
6653
7650
7166
7662
7639
7674
7651
7686
7663
7711
7675
7111
7188
7123
7200
7136
7112
7148
7124
7162
7137
7176
7150
7043
7068
7028
7054
7014
7041
7001
7027
7093
7013
7080
7000
7104
7026
7092
7012
7079
7103
7066
7091
7053
7078
7040
7064
7167
7141
7180
7154
7192
7168
7204
7181
7116
7193
7129
7205
7258
7235
7271
7247
7283
7259
7295
7272
7284
7223
7296
7101
7023
7088
7009
7076
7100
7062
7087
7050
7075
7035
7061
7584
7561
7596
7573
7585
7627
7597
7537
7549
7628
7452
7464
7476
7453
7488
7465
7500
7477
7157
7132
7170
7435
7183
7158
7195
7171
7107
7184
7196
7108
7185
7120
7197
7133
7109
7145
7121
7159
7134
7172
7146
7483
7460
7495
7472
7507
7484
7518
7496
7436
7508
7448
7519
7095
7015
7082
7002
7070
7094
7056
7081
7044
7069
7029
7055
7215
7288
7227
7300
7239
7216
7251
7228
7263
7240
7276
7252
7587
7564
7599
7576
7618
7588
7619
7581
7558
7593
7570
7605
7582
7624
7594
7534
7614
7625
7578
7555
7590
7602
7579
7591
7603
7543
7622
7206
7279
7218
7291
7230
7207
7242
7219
7254
7231
7266
7243
7046
7071
7031
7057
7017
7045
7004
7018
7096
7016
7083
7003
7604
7544
7623
7556
7533
7568
7545
7580
7557
7592
7569
7098
7019
7085
7005
7073
7097
7059
7084
7047
7072
7032
7058
7690
7667
7715
7679
2038
7691
6155
7716
7655
6722
7105
7182
7117
7194
7130
7106
7142
7118
7156
7131
7169
7143
7641
7653
7174
7665
7677
7654
7689
7714
7678
7687
7664
7712
7676
2018
7688
6663
7713
7640
1999
7652
6889
7163
7138
7177
7151
7189
7164
7201
7178
7113
7190
7125
7202
7601
7541
7620
7530
7565
7577
7554
7589
7566
7538
7617
7629
7562
7575
7551
7586
7563
7598
7574
7535
7615
7547
7626
7559
7571
7583
7560
7595
7572
7439
7445
7440
7455
7441
7456
7442
7457
7443
7469
7444
7474
7630
7155
7638
6696
7643
7494
7666
7548
7709
7522
7553
7523
7600
7540
7529
7642
7536
7542
7631
7621
7539
7268
7487
7527
7504
7528
7509
7512
7550
7552
7516
7567
6903
6831
6890
6819
6878
6902
6866
6854
6877
6842
6865
6897
6825
6884
6813
6872
6896
6860
6883
6848
6871
6894
6631
6881
6810
6869
6892
6857
6880
6845
6856
6833
6855
6821
6843
6809
6832
6891
6820
6879
6808
6900
6828
6887
6816
6875
6899
6863
6886
6851
6874
6839
6862
6748
7658
6735
6760
6723
6702
6710
6734
6799
6721
6787
6709
6755
6781
6741
6769
6729
6754
6716
6740
6805
6728
6793
6715
6998
6927
6986
6915
6974
6997
6962
6985
6951
6973
6939
6961
6537
6738
6751
6713
6737
6802
6725
6853
6876
6841
6864
6830
6852
6818
6840
6901
6829
6888
6817
6744
6772
6732
6757
6719
6743
6707
6731
6796
6718
6784
6801
6724
6789
6711
6777
6800
6762
6788
6749
6776
6736
6761
6847
6870
6835
6858
6824
6846
6812
6834
6895
6823
6807
6730
6795
6717
6783
6806
6771
6794
6756
6782
6798
6720
6786
6708
6774
6797
6759
6785
6745
6773
6733
6758
6804
6727
6792
6714
6780
6803
6768
6791
6753
6779
6941
6963
6929
6952
6917
6940
6905
6928
6987
6916
6904
6992
6921
6980
6909
6968
6957
6979
6945
6967
6933
6956
6950
6972
6938
6926
6949
6914
6937
6996
6984
6913
6944
6966
6932
6955
6943
6931
6990
6919
6978
6947
6969
6935
6958
6923
6946
6911
6934
6993
6981
7241
7277
7289
7301
7278
7217
7290
7229
7302
6995
6924
6983
6912
6971
6994
6960
6982
6948
6970
6936
6959
6989
6918
6977
6906
6965
6988
6954
6976
6942
6964
6930
6953
6850
6873
6838
6861
6827
6849
6815
6837
6898
6826
6885
6814
5371
-136
-135
-131
-130
-129
-128
-126
5380
5336
5391
5270
-117
-116
5388
-114
-112
5311
-109
-108
-107
-105
-104
5299
-102
5386
5352
-98
-97
-95
-94
-93
-92
-91
-90
5346
5310
5377
5306
-81
5363
-78
-77
-76
-75
-73
5370
-71
-70
-69
5374
-67
-66
-65
5347
-61
-60
-58
5258
5294
5298
5362
-50
5339
-48
-47
-46
-45
-44
5278
5390
-36
-35
-31
5335
-27
-26
-25
-20
-18
-15
-13
-12
-11
-8
-7
-6
5303
5383
5288
6
11
12
13
14
17
19
20
23
22
21
24
25
27
28
29
31
32
34
35
36
37
38
40
41
42
43
1649
45
46
47
48
49
30
51
52
53
54
55
56
57
58
59
61
62
63
64
65
66
67
68
69
70
71
72
73
75
76
77
78
79
80
81
82
83
84
2444
205
303
414
415
418
420
422
423
424
425
426
551
553
555
557
562
571
572
574
577
743
744
747
749
751
752
753
755
895
899
900
901
902
903
904
905
906
910
1072
1073
1077
1078
1079
1080
1081
1082
1083
1089
1090
1097
1098
1095
1100
1101
1102
1104
1105
567
1107
1108
1109
1203
1223
1225
1234
1242
1243
1244
1246
1251
1252
1255
1256
1258
1259
1261
1262
1263
1264
1283
1284
1226
1286
1287
1288
1289
1553
1554
1583
1586
1587
1592
1597
1598
1600
1604
1605
1610
1614
1615
1617
1621
1622
1623
1625
1629
1632
1635
1639
1642
1646
1647
1648
1652
1660
1665
1666
1714
1720
1721
1722
1734
1739
1741
1743
1744
1745
1746
1747
1664
1749
1750
1751
1754
1756
1767
1774
1778
1779
1780
1781
1782
1785
1790
1791
1792
1793
1797
1799
1801
1808
1814
1817
1818
1819
1820
1829
1834
1835
1803
1872
1873
1874
1876
1877
1880
1881
1882
1883
1884
1887
1825
1889
1890
1891
1899
1920
1942
1946
1947
1960
1963
1979
1981
1987
1988
1992
2027
2034
2037
2053
2064
2065
2066
2067
2068
2069
2070
2071
2072
2073
2074
2075
2076
2094
2096
2097
2098
2099
2105
2106
2108
2110
2111
2115
2118
2120
2122
2123
2124
2126
2128
2132
2133
2135
2136
2137
2138
2139
2141
2142
2143
2144
2145
2146
2147
2148
2149
2150
2151
2152
2153
2154
2156
2157
2159
2160
2163
2164
2167
2168
2169
2170
2171
2173
2174
2175
2176
2177
2178
2179
2180
2185
2187
2192
2196
2198
2202
2203
2204
2205
2207
2208
2209
2210
2213
2214
2242
2243
2245
2246
2252
2257
2258
2259
2260
2261
2266
2267
2269
2273
2275
2276
2278
2282
2285
2287
2291
2292
2295
2296
2298
2299
2300
2301
2302
2303
2304
2305
2306
2308
2310
2311
2312
2313
2314
2315
2316
2219
2318
2319
2238
2321
2322
2323
2232
2326
2327
2235
2329
2330
2331
2332
2333
2334
2335
2218
2337
2236
2339
2340
2341
2342
2343
2344
2239
2220
2347
2349
2350
2351
2353
2355
2356
2357
2359
2361
2362
2363
2364
2365
2366
2223
2368
2369
2370
2371
2372
2373
2374
2375
2377
2378
2379
2380
2381
2383
2384
2405
2406
2407
2408
2409
2410
2411
2412
2413
2414
2415
2416
2417
2419
2420
2421
2422
2423
2424
2426
2428
2429
2431
2432
2433
2434
2435
2437
2438
2439
2443
2446
2447
2448
2449
2450
2452
2453
2454
2455
2458
2459
2460
2461
2462
2463
2464
2465
2466
2467
2468
2469
2470
2472
2473
2474
2475
2477
2478
2479
2480
2481
2482
2483
2484
2485
2486
2487
2488
2489
2490
2491
2493
2494
2495
2496
2498
2499
2500
2502
2503
2504
2505
2508
2509
2510
2511
2512
2513
2514
2515
2516
2517
2518
2519
2520
2521
2522
2523
2524
2525
2526
2527
2528
2529
2530
2531
2532
2533
2534
2536
2537
2393
2539
2540
2541
2542
2543
2544
2545
2397
2389
2548
2549
2550
2390
2552
2554
2555
2556
2557
2558
2559
2391
2561
2562
2563
2564
2567
2392
2569
2401
2571
2572
2573
2574
2575
2576
2577
2578
2579
2580
2584
2585
2586
2588
2591
2593
2601
2603
2604
2605
2606
2607
2608
2609
2610
2611
2612
2614
2615
2617
2618
2619
2620
2621
2622
2623
2624
2625
2626
2627
2628
2629
2630
2631
2632
2633
2634
2635
2636
2637
2638
2639
2640
2641
2642
2643
2644
2646
2647
2648
2649
2650
2652
2653
2654
2655
2656
2657
2661
2662
2663
2664
2665
2666
2667
2668
2669
2670
2671
2672
2673
2674
2675
2677
2678
2679
2660
2681
2682
2683
2597
2685
2600
2688
2596
2690
2691
2692
2693
2694
2695
2696
2697
2698
2699
2700
2701
2702
2703
2704
2705
2706
2707
2708
2709
2710
2711
2712
2713
2714
2715
2716
2717
2720
2722
2723
2724
2725
2726
2727
2728
2729
2730
2731
2732
2733
2734
2735
2736
2737
2738
2739
2740
2741
2742
2743
2745
2746
2747
2748
2750
2754
2756
2757
2758
2760
2761
2762
2763
2764
2765
2766
2767
2769
2770
2771
2772
2773
2774
2775
2776
2777
2778
2779
2792
2793
2794
2795
2796
2797
2798
2799
2800
2801
2802
2803
2804
2805
2806
2808
2809
2810
2811
2812
2813
2814
2815
2817
2818
2819
2820
2821
2822
2823
2824
2827
2828
2829
2830
2831
2832
2833
2834
2835
2836
2837
2838
2839
2840
2841
2842
2843
2845
2846
2848
2849
2850
2851
2852
2853
2854
2855
2856
2857
2858
2859
2860
2861
2863
2864
2865
2866
2867
2868
2869
2870
2871
2872
2873
2874
2875
2876
2877
2878
2880
2881
2882
2883
2884
2885
2886
2887
2888
2889
2890
2891
2892
2893
2894
2895
2896
2897
2898
2899
2901
2902
2903
2904
2905
2906
2907
2908
2909
2910
2911
2912
2913
2914
2915
2916
2917
2919
2920
2921
2922
2924
2925
2926
2927
2928
2929
2930
2931
2932
2933
2934
2935
2936
2937
2938
2939
2940
2941
2942
2943
2944
2945
2946
2947
2948
2949
2784
2951
2952
2785
2787
2782
2956
2786
2958
2959
2960
2962
2963
2964
2965
2968
2969
2970
2971
2972
2973
2974
2975
2976
2977
2978
2979
2980
2981
2982
2983
2984
2985
2986
2988
2989
2990
2991
2992
2993
2994
2999
3000
3001
3002
3003
3004
3005
3006
3007
3008
3009
3010
3011
3012
3013
3014
3015
3016
3017
3018
3019
3020
3021
3022
3023
3024
3025
3026
3027
3028
3029
3030
3031
3032
3033
3034
3035
3036
3037
3038
3039
3040
3041
3042
3043
3044
3045
3046
3047
3048
3050
3051
3052
3053
3054
3055
3056
3057
3058
3059
3060
3061
3062
3063
3064
3065
3066
3067
3068
3069
3070
3071
3072
3073
3074
3075
3076
3077
3078
3079
3080
3081
3082
3083
3084
3085
3086
3087
3088
3089
3090
3091
3092
3093
3094
3095
3096
3097
3098
3099
3100
3101
3102
3103
3104
3105
3106
3107
3108
3109
3110
3111
3112
3113
3114
3115
3116
3117
3118
3120
3121
3122
3123
3124
3125
3126
3127
3128
3129
3130
3131
3132
3133
3135
3136
3137
3138
3139
3140
3141
3142
3148
3149
3152
3155
3157
3158
3159
3160
3162
3163
3166
3168
3169
3170
3171
3172
3174
3175
3176
3177
3178
3179
3183
3186
3187
3189
3190
3191
3194
3198
3199
3200
3201
3202
3203
3204
3205
3206
3207
3208
3209
3210
3211
3212
3213
3214
3215
3216
3217
3218
3219
3220
3221
3222
3223
3224
3225
3226
3227
3228
3229
3230
3231
3232
3233
3234
3235
3236
3237
3238
3239
3240
3241
3242
3243
3244
3245
3246
3247
3248
3249
3250
3251
3252
3253
3254
3255
3256
3257
3258
3259
3260
3261
3262
3263
3265
3266
3267
3268
3269
3270
3271
3272
3273
3274
3275
3276
3277
3278
3279
3280
3281
3282
3283
3284
3285
3286
3287
3288
3289
3290
3291
3292
3293
3294
3295
3296
3297
3298
3299
3300
3301
3302
3303
3304
3306
3307
3308
3309
3310
3311
3312
3313
3314
3315
3316
3318
3319
3320
3321
3322
3323
3324
3325
3326
3327
3328
3329
3330
3331
3332
3333
3334
3335
3336
3337
3338
3339
3340
3341
3342
3343
3344
3345
3346
3347
3351
3352
3353
3354
3355
3356
3358
3359
3360
3361
3363
3364
3365
3369
3370
3371
3372
3373
3374
3375
3376
3377
3379
3381
3382
3384
3385
3386
3387
3388
3390
3393
3394
3396
3398
3399
3400
3401
3402
3403
3408
3409
3410
3412
3411
3416
3418
3419
3421
3424
3425
3426
3429
3430
3432
3433
3434
3436
3437
3438
3440
3441
3444
3445
3448
3449
3453
3455
3458
3459
3460
3461
3462
3464
3465
3466
3467
3468
3469
3470
3471
3472
3473
3474
3475
3476
3477
3478
3479
3480
3481
3482
3483
3485
3486
3487
3489
3491
3492
3493
3494
3496
3499
3500
3501
3502
3503
3504
3505
3506
3507
3511
3513
3514
3515
3517
3518
3519
3523
3524
3527
3529
3530
3531
3532
3534
3535
3536
3538
3540
3543
3544
3545
3546
3547
3548
3551
3552
3554
3555
3556
3557
3558
3559
3560
3563
3565
3566
3567
3568
3569
3570
3571
3572
3575
3577
3578
3423
3580
3581
3582
3583
3584
3587
3590
3591
3592
3593
3594
3596
3597
3598
3599
3600
3601
3602
3603
3604
3605
3606
3607
3608
3614
3610
3611
3612
3613
3615
3616
3617
3618
3619
3620
3621
3622
3623
3624
3626
3629
3631
3632
3635
3636
3637
3638
3639
3640
3641
3642
3643
3644
3645
3646
3647
3648
3649
3650
3651
3652
3653
3654
3655
3656
3657
3658
3659
3660
3661
3662
3663
3664
3665
3666
3667
3668
3669
3670
3671
3672
3673
3674
3675
3676
3677
3678
3679
3680
3681
3682
3683
3684
3685
3686
3687
3688
3689
3690
3691
3692
3693
3694
3695
3696
3698
3699
3700
3701
3702
3703
3704
3705
3706
3707
3708
3709
3710
3711
3712
3713
3714
3715
3716
3717
3718
3719
3720
3721
3722
3723
3724
3725
3726
3727
3728
3729
3730
3731
3732
3733
3734
3735
3736
3737
3738
3739
3740
3741
3742
3743
3744
3745
3746
3747
3748
3749
3750
3751
3752
3753
3754
3755
3756
3757
3758
3759
3760
3761
3762
3763
3764
3765
3766
3767
3768
3769
3770
3772
3774
3775
3776
3777
3778
3779
3780
3781
3782
3783
3784
3785
3786
3787
3788
3789
3790
3791
3792
3793
3794
3795
3796
3797
3798
3799
3800
3801
3802
3803
3804
3805
3806
3809
3810
3811
3812
3813
3814
3816
3818
3819
3822
3823
3824
3825
3826
3828
3829
3831
3832
3833
3836
3837
3838
3841
3840
3839
3843
3844
3845
3847
3851
3853
3855
3858
3861
3866
3878
3882
3883
3884
3885
3886
3887
3888
3889
3890
3891
3892
3893
3894
3895
3896
3897
3898
3899
3900
3901
3902
3903
3904
3905
3906
3907
3908
3909
3910
3911
3912
3913
3914
3915
3916
3917
3918
3919
3920
3921
3922
3923
3924
3925
3926
3927
3928
3929
3930
3931
3932
3933
3934
3935
3936
3937
3938
3939
3940
3941
3942
3943
3944
3945
3946
3947
3948
3950
3951
3949
3955
3956
3957
3958
3959
3960
3961
3962
3963
3964
3965
3970
3971
3972
3973
3974
3975
3976
3977
3978
3980
3981
3982
3983
3984
3985
3986
3987
3988
3989
3990
3991
3992
3993
3994
3995
3996
3997
3998
3999
4000
4001
4002
4003
4004
4005
4006
4007
4008
4009
4010
4011
4012
4013
4015
4016
4017
4018
4019
4020
4022
4023
4024
4025
4026
4028
4029
4030
4031
4032
4033
4034
4035
4036
4037
4038
4039
4040
4041
4042
4043
4044
4045
4046
4047
4048
4049
4050
4052
4053
4054
4055
4056
4057
4058
4059
4060
4061
4062
4065
4069
4070
4071
4072
4074
4076
4077
4078
4079
4080
4081
4082
4083
4087
4088
4089
4090
4092
4094
4100
4104
4107
4108
4109
4110
4111
4112
4113
4122
4124
4125
4126
4128
4129
4130
4132
4133
4134
4135
4136
4137
4138
4139
4141
4143
4144
4145
4146
4147
4148
4149
4150
4151
4154
4155
4157
4158
4159
4160
4161
4162
4164
4168
4169
4170
4171
4172
4173
4175
4176
4177
4178
4179
4180
4181
4182
4183
4184
4185
4186
4187
4188
4189
4190
4191
4192
4193
4194
4195
4196
4197
4198
4199
4200
4201
4202
4203
4204
4205
4206
4207
4208
4209
4210
4212
4213
4214
4215
4217
4218
4219
4221
4222
4224
4225
4226
4227
4228
4229
4230
4231
4232
4233
4234
4235
4236
4237
4238
4239
4240
4241
4242
4243
4244
4245
4246
4247
4248
4249
4250
4251
4252
4253
4254
4255
4256
4257
4258
4259
4260
4262
4263
4264
4265
4266
4267
4268
4269
4272
4273
4275
4276
4277
4280
4281
4283
4284
4286
4287
4288
4289
4291
4292
4293
4294
4295
4296
4297
4298
4301
4303
4304
4305
4306
4307
4308
4309
4310
4311
4312
4313
4314
4315
4317
4320
4322
4323
4324
4325
4326
4328
4329
4330
4331
4332
4334
4335
4336
4337
4338
4339
4343
4345
4346
4347
4348
4349
4350
4351
4352
4353
4354
4356
4357
4358
4359
4360
4362
4363
4364
4365
4366
4367
4368
4369
4370
4371
4372
4374
4375
4377
4378
4379
4380
4381
4382
4383
4385
4386
4388
4389
4390
4391
4392
4393
4394
4395
4396
4397
4398
4401
4402
4403
4404
4405
4406
4407
4408
4409
4410
4412
4413
4414
4415
4416
4417
4418
4419
4420
4421
4422
4425
4426
4427
4428
4429
4430
4431
4432
4433
4435
4436
4437
4438
4439
4440
4441
4442
4443
4444
4445
4446
4448
4449
4450
4451
4452
4453
4454
4455
4456
4457
4458
4460
4461
4462
4463
4464
4465
4466
4467
4468
4469
4472
4473
4474
4475
4503
4504
4505
4506
4507
4508
4510
4511
4512
4513
4514
4515
4516
4517
4518
4519
4522
4527
4528
4529
4530
4531
4532
4536
4539
4540
4541
4542
4543
4544
4551
4552
4553
4554
4555
4560
4562
4563
4564
4565
4566
4567
4569
4571
4572
4575
4576
5318
4578
4579
4580
4584
4585
4587
4588
4589
4590
4591
4592
4598
4600
4601
4602
4603
4604
4611
4612
4613
4614
4615
4616
4620
4621
4622
4624
4625
4626
4627
4628
4629
4630
4631
4632
4634
4635
4636
4637
4638
5332
4640
4641
4642
4643
4644
4645
4646
4647
4648
4649
4650
4651
4652
4653
4654
4655
4656
5331
4658
4659
4660
4661
4662
4663
4664
4665
5273
4667
4668
4669
4670
4671
4672
4673
4674
4675
4676
4677
4678
4679
4680
4681
4682
4683
4684
4685
4686
4687
4688
4689
4690
4719
5394
5375
5385
5366
5283
5280
5313
4731
5333
5308
4736
4737
4739
4740
4741
4742
4743
4744
4745
4746
4747
5056
5057
5058
5059
5060
5061
5062
5065
5067
5068
5069
5070
5071
5072
5073
5074
5075
5076
5077
5078
5079
5080
5081
5083
5084
5085
5086
5087
5088
5090
5091
5092
5093
5095
5096
5097
5100
5101
5103
5104
5105
5106
5108
5109
5110
5111
5112
5113
5114
5115
5116
5117
5118
5119
5120
5122
5124
5125
5126
5127
5128
5129
5130
5131
5132
5133
5134
5135
5136
5137
5138
5140
5141
5142
5144
5145
5146
5148
5149
5150
5151
5152
5153
5154
5155
5156
5157
5158
5159
5160
5161
5226
5227
5228
5229
5230
5276
5232
5233
5234
5235
5236
5237
5239
5240
5241
5242
5243
5244
5245
5247
5248
5250
5253
5257
5259
5261
5265
5282
5285
5286
5293
5301
5304
5307
5320
5325
5327
5329
5337
5340
5344
5345
5315
5350
5351
5353
5354
5355
5356
5357
5358
5359
5360
5369
5378
5384
5382
5393
5312
5400
5326
5403
5404
5405
5406
5407
5408
5409
5410
5411
5413
5414
5415
5416
5417
5420
5421
5422
5423
5424
5425
5426
5427
5428
5429
5430
5431
5432
5433
5434
5435
5436
5437
5439
5440
5441
5442
5443
5444
5445
5446
5447
5448
5449
5450
5451
5453
5454
5456
5457
5458
5459
5461
5462
5463
5464
5465
5466
5468
5469
5471
5472
5474
5475
5476
5477
5478
5479
5480
5481
5482
5483
5484
5485
5486
5487
5488
5489
5490
5491
5492
5493
5494
5495
5496
5497
5499
5500
5501
5502
5503
5504
5505
5506
5507
5509
5510
5511
5512
5513
5514
5515
5516
5517
5518
5519
5520
5522
5523
5524
5525
5526
5527
5528
5529
5530
5531
5532
5533
5534
5535
5536
5537
5538
5539
5540
5541
5542
5543
5544
5545
5546
5547
5548
5549
5550
5551
5553
5554
5555
5556
5558
5559
5560
5562
5563
5564
5566
5568
5569
5570
5571
5572
5574
5575
5576
5577
5578
5580
5582
5583
5603
5585
5586
5591
5593
5594
5607
5634
5635
5636
5661
5662
5664
5665
5666
5667
5668
5679
5616
5681
5682
5683
5685
5687
5688
5689
5690
5691
5693
5694
5695
5696
5697
5698
5279
5700
5701
5703
5704
5705
5706
5707
5708
5709
5710
5611
5712
5713
5714
5715
5716
5717
5719
5720
5721
5722
5723
5724
5726
5727
5728
5729
5730
5731
5732
5733
5735
5736
5737
5738
5739
5740
5741
5742
5743
5744
5745
5746
5747
5748
5749
5750
5751
5752
5753
5754
5755
5756
5757
5758
5759
5760
5761
5762
5763
5764
5766
5767
5768
5769
5770
5771
5772
5773
5774
5775
5776
5778
5779
5780
5781
5782
5783
5784
5785
5786
5787
5788
5789
5790
5791
5792
5793
5794
5795
5796
5797
5798
5799
5800
5801
5802
5803
5804
5805
5806
5807
5808
5809
5810
5811
5812
5813
5814
5815
5816
5817
5818
5819
5820
5821
5822
5823
5824
5826
5827
5829
5830
5831
5832
5833
5834
5835
5837
5838
5839
5840
5841
5842
5843
5844
5845
5846
5847
5848
5849
5850
5851
5852
5853
5855
5856
5857
5858
5859
5860
5861
5862
5863
5865
5866
5867
5868
5869
5870
5872
5874
5875
5876
5877
5878
5879
5880
5881
5882
5883
5884
5885
5886
5887
5888
5889
5890
5891
5892
5893
5894
5895
5896
5897
5898
5899
5900
5901
5902
5903
5904
5905
5906
5907
5908
5909
5910
5911
5912
5913
5914
5915
5916
5917
5918
5919
5920
5921
5922
5923
5924
5925
5926
5927
5928
5929
5930
5931
5932
5933
5934
5935
5936
5937
5938
5939
5940
5941
5942
5943
5944
5871
5946
5947
5948
5949
5950
5951
5952
5953
5954
5955
5956
5957
5959
5960
5962
5963
5964
5965
5966
5967
5968
5854
5945
5972
5973
5974
5975
5976
5977
5978
5979
5980
5981
5982
5983
5985
5986
5987
5988
5989
5990
5991
5992
5993
5596
5995
5996
5997
5998
5999
6002
6015
6016
6019
6020
6021
6022
6027
6028
6029
6030
6032
6034
6035
6036
6037
6038
6039
5625
6041
6045
6047
5589
6049
6050
6056
6057
6024
6059
6060
6061
6062
6063
6064
6065
6066
6067
6068
6069
6070
6071
6072
6073
6074
6075
6053
6077
6078
6081
6082
6084
6085
6086
6087
6088
6089
6090
6091
6092
6093
6094
6095
6096
6097
6098
6099
6100
6101
6102
6103
6104
6105
6106
6107
6108
6109
6110
6111
6112
6113
6114
6115
6116
6117
6118
6119
6120
6121
6122
6123
6124
6125
6126
6127
6128
6130
6131
6132
6133
6134
6135
6136
6137
6138
6139
6140
6141
6142
6143
6144
6145
6146
6147
6149
6150
6151
6152
6153
6154
6156
6157
6158
6159
6160
6161
6162
6163
6164
6165
6166
6167
6168
6169
6170
6171
6172
6173
6174
6175
6176
6177
6178
6179
6180
6181
6182
6183
6184
6185
6186
6188
6189
6190
6191
6192
6193
6195
6196
6198
6199
6200
6201
6202
6203
6204
6205
6207
6208
6209
6210
6211
6212
6213
6215
6216
6217
6218
6223
6224
6225
6226
6227
6228
6229
6230
6231
6232
6233
6234
6222
6236
6237
6239
6241
6242
6243
6244
6245
6246
6247
6248
6249
6250
6251
6252
6253
6254
6255
6256
6257
6258
6300
6262
6263
6264
6265
6266
6267
6268
6269
6270
6271
6272
6273
6276
6277
6278
6279
6280
6281
6282
6283
6284
6289
6290
6291
6292
6302
6303
6305
6308
6309
6310
6311
6312
6313
6317
6318
6320
6321
6322
6323
6324
6325
6326
6327
6328
6329
6330
6331
6332
6333
6334
6335
6336
6337
6338
6339
6340
6341
6342
6343
6344
6345
6346
6347
6348
6349
6350
6351
6352
6354
6355
6356
6357
6358
6359
6360
6361
6362
6363
6364
6365
6366
6367
6368
6369
6370
6371
6372
6373
6374
6375
6377
6378
6379
6380
6381
6382
6383
6384
6385
6386
6387
6388
6389
6390
6391
6392
6393
6394
6395
6396
6397
6398
6399
6400
6401
6402
6403
6404
6405
6406
6407
6408
6409
6410
6412
6413
6414
6415
6416
6417
6418
6419
6420
6421
6422
6424
6425
6426
6427
6428
6429
6430
6431
6433
6434
6435
6437
6438
6439
6441
6442
6443
6444
6445
6446
6447
6449
6450
6451
6452
6453
6454
6455
6456
6457
6458
6461
6462
6463
6464
6465
6466
6467
6468
6469
6470
6472
6473
6474
6475
6476
6477
6478
6479
6480
6481
6482
6483
6485
6486
6487
6488
6490
6491
6493
6494
6497
6498
6503
6504
6506
6507
6508
6509
6500
6376
6515
6516
6518
6519
6520
6521
6522
6523
6524
6525
6527
6528
6536
6532
6542
6543
6544
6545
6546
6547
6549
6550
6552
6553
6554
6555
6556
6557
6539
6561
6564
6565
6566
6567
6569
6570
6571
6573
6576
6577
6578
6579
6580
6581
6582
6585
6589
6590
6591
6592
6593
6594
6595
6600
6601
6602
6603
6604
6605
6606
6607
6608
6609
6610
6611
6612
6613
6614
6615
6616
6617
6618
6619
6621
6622
6623
6624
6625
6626
6627
6628
6629
6630
6632
6634
6635
6636
6637
6638
6639
6640
6641
6642
6643
6644
6646
6647
6648
6649
6650
6651
6652
6654
6655
6658
6659
6660
6661
6662
6664
6665
6666
6667
6668
6671
6672
6673
6674
6675
6676
6677
6678
6679
6680
6682
6683
6684
6685
6686
6687
6689
6690
6691
6692
6693
6695
6697
6698
6699
6700
6703
6704
6705
6770
7326
7327
7328
7329
7330
7331
7332
7333
7334
7335
7336
7337
7338
7339
7340
7341
7039
7696
7697
7698
7699
7700
7701
7702
7703
7704
7705
7706
7707
7708
7719
7727
7728
7729
7730
7731
7732
7733
7734
7735
7736
7737
7738
7739
7740
7741
7742
7743
7744
7745
7746
7747
7748
7749
7750
7751
7752
7753
7754
7755
7756
7757
7929
7930
7931
7932
7933
7936
7937
7938
7939
7940
7941
7942
7943
7944
7945
7946
7947
7948
7949
7950
7951
7952
7953
7954
7955
7956
7957
7958
7959
7960
7961
7962
7963
7964
7965
7966
7967
7968
7969
7970
7971
7972
7973
7974
7975
7976
7977
7978
7979
7980
7981
7982
7983
7984
7985
7986
7987
7988
7989
7990
7991
7992
7993
7994
7995
7996
7997
8000
8003
8004
8005
8006
8008
8009
8010
8011
8012
8013
8014
8015
8016
8017
8018
8019
8020
8021
8022
8023
8024
8025
8026
8027
8028
8029
8030
8031
8032
8033
8034
8035
8036
8037
8038
8039
8040
8041
8042
8043
8044
8045
8048
8049
8050
8051
8052
8053
8054
8055
8056
8057
8058
8060
8061
8063
8064
8065
8067
8068
8069
8070
8071
8072
8073
8074
8075
8076
8077
8078
8079
8080
8081
8082
8083
8084
8085
8086
8087
8088
8089
8090
8091
8092
8093
8094
8095
8096
8097
8098
8099
8100
8101
8102
8103
8104
8105
8106
8107
8108
8109
8110
8111
8112
8113
8114
8115
8116
8117
8118
8119
8120
8121
8122
8123
8124
8125
8126
8128
8129
8130
8131
8132
8133
8134
8135
8136
8137
8138
8139
8140
8141
8142
8143
8144
8145
8146
8147
8148
8149
8150
8151
8152
8153
8154
8155
8156
8157
8159
8160
8161
8162
8163
8164
8165
8166
8167
8168
8169
8170
8171
8172
8173
8174
8175
8176
8177
8178
8179
8180
8181
8182
8183
8184
8185
8186
8187
8188
8189
8190
8191
8192
8193
8194
8195
8196
8197
8198
8199
8200
8202
8203
8204
8205
8206
8207
8208
8209
8210
8211
8212
8213
8214
8215
8216
8217
8218
8219
8220
8221
8222
8223
8224
8225
8226
8227
8228
8229
8230
8231
8232
8233
8234
8235
8236
8237
8238
8239
8240
8241
8242
8243
8244
8245
8246
8247
8248
8249
8250
8251
8252
8253
8254
8255
8256
8257
8258
8259
8260
8261
8262
8263
8264
8265
8493
8267
8268
8269
8271
8272
8273
8274
8275
8276
8277
8278
8279
8280
8281
8282
8283
8284
8285
8286
8287
8288
8289
8290
8291
8292
8293
8294
8295
8296
8297
8298
8299
8300
8301
8302
8303
8304
8305
8306
8307
8308
8309
8310
8311
8312
8313
8314
8315
8316
8317
8318
8319
8320
8321
8322
8323
8324
8325
8326
8327
8328
8329
8330
8331
8332
8333
8334
8335
8336
8337
8338
8339
8340
8341
8342
8343
8344
8345
8346
8347
8348
8349
8350
8351
8352
8353
8354
8355
8356
8357
8358
8359
8360
8361
8362
8363
8364
8365
8366
8368
8369
8370
8371
8372
8373
8374
8375
8376
8377
8378
8379
8380
8381
8382
8383
8384
8385
8386
8387
8388
8389
8390
8391
8392
8393
8394
8395
8396
8397
8398
8399
8400
8401
8402
8403
8404
8405
8406
8407
8408
8409
8410
8411
8412
8413
8414
8415
8416
8417
8418
8419
8420
8421
8422
8423
8425
8426
8427
8428
8429
8430
8431
8432
8433
8434
8435
8436
8437
8438
8439
8440
8441
8442
8443
8444
8445
8446
8447
8448
8449
8451
8452
8453
8454
8455
8456
8457
8458
8460
8461
8462
8463
8464
8465
8466
8467
8468
8469
8507
8471
8472
8473
8474
8475
8476
8477
8478
8479
8480
8481
8482
8483
8484
8489
8520
8521
8522
8523
8524
-106
-14
-22
2844
2862
3134
-32
3305
3498
3508
3525
3541
3553
3564
3576
3588
3589
-37
4051
4063
4064
4067
4068
4075
4103
4105
4114
4115
4116
4117
4118
4119
4120
4121
4123
4127
4131
4142
4152
4153
4156
4163
4165
4166
4174
4211
4216
4220
4223
4261
-42
4316
4318
4319
4321
4327
4340
4342
4344
4355
4361
4373
4384
4387
4399
4400
4411
4423
4424
4434
4447
4459
4470
4471
4509
4520
4521
4523
4524
4525
4526
4533
4534
4535
4537
4538
4545
4546
4547
4548
4549
4550
4556
4557
4558
4559
4561
4568
4570
4573
4574
4581
4582
4583
4586
4593
4594
4595
4596
4597
4599
4605
4606
4607
4608
4609
4610
4617
4619
4623
4734
4735
4738
4748
5063
5066
5089
5102
5107
5121
5147
5238
5246
5264
5343
5387
5438
5452
5455
5467
5470
5473
5498
5521
5552
5561
5567
5643
5684
5686
5692
5702
5718
5725
5734
5777
6411
6423
6436
6448
6459
6460
6471
6484
6495
6496
6432
6505
6514
6517
6526
6529
6548
6551
6559
6560
6562
6563
6572
6574
6575
6583
6584
6586
6587
6596
6598
6599
6620
6633
6645
6656
6657
6669
6670
6681
6694
6706
6726
6739
6742
6766
6767
6790
6811
6836
6844
6859
6867
6868
6882
6907
6908
6920
6922
6975
5277
8519
8562
8574
8586
8597
8609
8528
8540
8552
8563
8575
8587
8598
8610
8529
8541
8553
8564
8576
8588
8599
8611
8530
8542
8554
8565
8577
8600
8612
8531
8543
8555
8566
8578
8589
8601
8613
8532
8544
8567
8579
8590
8602
8614
8533
8545
8556
8568
8580
8591
8603
8615
8534
8546
8557
8569
8581
8592
8604
8616
8535
8547
8558
8570
8582
8593
8605
8617
8536
8548
8559
8571
8583
8594
8606
8537
8549
8560
8572
8584
8595
8607
8619
8538
8550
8561
8573
8585
8596
8608
8620
8621
8644
8656
8668
8681
8694
8705
8622
8633
8645
8669
8682
8706
8623
8634
8646
8658
8670
8683
8696
8707
8624
8635
8647
8659
8671
8490
8697
8513
8625
8636
8648
8517
8672
8685
8709
8626
8637
8661
8673
8686
8698
8710
8627
8638
8662
8501
8687
8699
8711
8628
8639
8651
8492
8495
8688
8700
8712
8629
8640
8652
8664
8676
8701
8713
8630
8641
8653
8665
8677
8690
8702
8714
8631
8642
8654
8666
8679
8703
8715
8632
2427
8655
8667
8680
2507
8704
8716
8717
8729
8740
8752
8764
8775
8787
8799
8718
8730
8741
8753
8776
8788
8800
8719
8731
8742
8754
8765
8777
8789
8801
8720
8732
8743
8755
8766
8778
8790
8802
8721
8733
8744
8756
8767
8779
8791
8803
8722
8734
8745
8757
8768
8780
8792
8804
8723
8746
8758
8769
8781
8793
8805
8724
8735
8747
8759
8770
8782
8794
8806
8725
8736
8748
8760
8771
8783
8795
8807
8726
8737
8749
8761
8772
8784
8796
8808
8727
8738
8750
8762
8809
8728
8739
8786
8798
8811
8823
8836
8848
8860
1833
2162
8812
8824
8837
8849
8861
1552
1836
8813
8825
8838
8850
8862
1663
1837
2184
8814
8826
8839
8851
8863
1758
1839
2186
8827
8840
8852
8864
1760
1840
2188
8816
8835
8841
8853
1762
1841
2189
8817
8829
8842
8854
-21
1765
1843
2190
8818
8830
8843
8855
1768
2191
8819
8831
8844
8856
1769
1847
2194
8820
8832
8845
8857
18
1777
1993
2195
8821
8833
8846
8858
74
1784
1994
2197
8822
8834
8847
8859
1201
1811
2127
2201
3522
2501
2966
3167
4477
4491
4167
2719
2995
3188
4478
4492
4290
2744
3143
3192
4479
4493
4333
2749
3144
3526
4480
4494
4341
2751
3145
3630
4481
4496
4376
2753
3146
3633
4483
4497
2759
3147
3697
4484
2780
3150
4021
4485
4499
2244
2781
3151
4066
4486
4500
2436
2816
3153
4085
4487
4501
2497
2825
3154
4086
4489
4502
2918
3156
4476
4490
410
2255
2294
2441
2613
3443
3550
3881
421
2256
2297
2442
2616
3953
1662
2262
2445
2645
3488
3561
3954
1742
2263
2324
2451
2651
3490
3573
3968
1776
2265
2352
2456
2658
3509
3574
4140
1879
2270
2354
2457
1885
2271
2358
2471
2686
3595
5595
2172
2279
2418
2565
3773
5604
2248
2280
2425
2566
3533
3807
5605
2250
2281
2430
3439
3808
5606
2254
2293
2440
2602
3442
3549
3880
5609
5615
5642
6712
7346
7360
8965
5648
6194
7119
7349
7361
8966
5618
5652
6197
7144
7350
7362
8967
5619
5627
6304
7211
7351
7363
8963
5622
5658
6306
7233
7352
7364
8969
5623
5659
6314
7253
7353
7365
8970
5624
5669
6315
7307
7354
7532
8971
5626
5670
6316
7308
7546
8972
5631
5678
6489
7315
7355
8510
5632
5825
6597
7316
7356
8450
8974
5637
5828
6701
7317
7358
8459
8508
5638
7325
7359
8964
8976
8988
8999
9011
9023
9035
9047
9058
8977
8989
9000
9012
9024
9036
9048
9059
8978
8990
9001
9013
9025
9037
9049
9060
8979
8991
9002
9014
9026
9038
9050
9061
8980
8992
9003
9015
9027
9039
9051
9062
8981
9004
9016
9028
9040
9052
9063
8982
8993
9005
9017
9029
9041
9053
9064
8983
8994
9006
9018
9030
9042
9054
9065
8984
8995
9007
9019
9031
9043
9066
8985
8996
9008
9020
9032
9044
9055
9067
8986
8997
9009
9021
9033
9045
9056
9068
8987
8998
9010
9022
9034
9046
9057
9069
9082
9093
9105
9117
9128
9140
9152
9071
9094
9106
9118
9129
9141
9153
9072
9095
9107
9119
9130
9142
9154
9073
9084
9096
9108
9131
9143
9155
9074
9085
9097
9109
9120
9132
9144
9156
9075
9086
9098
9110
9121
9133
9145
9157
9076
9087
9099
9111
9122
9134
9146
9158
9077
9088
9100
9112
9123
9135
9147
9159
9078
9089
9101
9113
9124
9136
9148
9160
9079
9090
9102
9114
9125
9137
9149
9161
9080
9091
9103
9115
9126
9138
9150
9162
9081
9092
9104
9116
9127
9139
9151
9163
9164
9176
9188
9200
9225
8506
9250
9165
9177
9189
9201
9226
9239
9251
9717
9178
9190
9202
9227
10753
9252
9166
9179
9203
9228
8958
9256
9719
9167
9180
9192
9207
9229
9242
9257
9720
9168
9181
9193
9213
9230
9243
9258
9721
9169
9182
9194
9214
9209
9244
9711
9722
9170
9183
9195
9219
9245
9712
9723
9172
9184
9196
9220
9208
9246
9713
9724
9173
9185
9197
9222
9234
9247
9206
9725
9174
9186
9198
9223
9211
9248
9715
9726
9175
9187
9199
9224
9212
9249
8491
9727
9728
9740
9751
9763
9775
9786
9798
9810
9729
9741
9752
9764
9776
9787
9799
9811
9730
9742
9753
9765
9777
9788
9800
9812
9731
9743
9754
9766
9778
9789
9801
9813
9732
9744
9755
9767
9779
9790
9802
9814
9733
9745
9756
9768
9780
9791
9803
9815
9734
9746
9757
9769
9792
9804
9816
9735
9747
9758
9770
9781
9793
9805
9817
9736
9748
9759
9771
9782
9794
9806
9818
9737
9749
9760
9772
9783
9795
9807
9819
9738
9761
9773
9784
9796
9808
9820
9739
9750
9762
9774
9785
9797
9809
9821
9822
9834
9846
9857
9869
9882
9894
9905
9835
9847
9858
9870
9883
9906
9824
9836
9848
9859
9871
9884
9895
9907
9825
9837
9849
9860
9872
9885
9896
9908
9826
9838
9850
9861
9873
9886
9897
9909
9827
9839
9851
9862
9874
9887
9898
9910
9828
9840
9852
9863
9875
9888
9899
9829
9841
9853
9864
9877
9889
9900
9912
9830
9842
9854
9865
9878
9890
9901
9913
9831
9843
9866
9879
9891
9902
9914
9832
9844
9855
9867
9880
9892
9903
9915
9833
9845
9856
9868
9881
9893
9904
9916
9917
9929
9953
9965
9976
9989
10001
9918
9930
9941
9954
9966
9977
9990
10002
9919
9931
9942
9955
9967
9991
10003
9920
9932
9943
9956
9968
9979
9992
10004
9921
9933
9944
9957
9969
9980
9993
10005
9922
9934
9945
9958
9970
9981
9994
10006
9923
9935
9946
9959
9971
9982
9995
10007
9924
9936
9948
9960
9972
9983
9996
10008
9925
9937
9949
9961
9973
9984
9997
10009
9926
9938
9950
9962
9974
9985
9998
10010
9927
9939
9951
9963
9975
9987
9999
10011
9928
9940
9952
9964
9988
10000
10012
10013
10024
10036
10056
10131
10108
10051
10136
10014
10025
10037
10057
10069
10110
10046
10137
10015
10038
10058
10070
9217
10127
10016
10027
10039
10059
10071
10112
10128
10017
10028
10040
10060
9237
10113
10129
10018
10029
10041
10061
10073
10114
10019
10030
10062
10074
10115
10133
10142
10020
10031
10126
10076
10116
10132
10143
10021
10032
10064
10077
10117
10134
10144
10022
10033
10065
10078
9216
10121
10145
10023
10034
10066
10079
10119
10050
10146
10035
10055
10130
10080
10049
10135
10125
10147
10157
2165
5460
7531
10148
10158
2268
3317
5508
7717
10149
10159
2274
3414
8865
10150
10160
2290
3420
5588
8866
10151
1094
2360
3428
5597
8867
2376
3431
5617
8868
8884
10123
1096
2476
3447
5836
8869
8885
10124
6319
8871
10153
1821
2659
3609
6588
8872
8887
8901
10154
1878
2680
3771
6925
8875
8888
10155
2807
7318
10156
2121
5094
7514
10162
10174
10185
10197
10209
10221
10232
10244
10163
10175
10186
10198
10210
10222
10233
10245
10164
10176
10187
10199
10211
10223
10234
10165
10246
10177
10188
10200
10212
10224
10235
10247
10166
10178
10189
10201
10213
10225
10236
10248
10167
10179
10190
10202
10214
10237
10249
10168
10180
10191
10203
10215
10226
10238
10250
10169
10181
10192
10204
10216
10227
10239
10251
10170
10182
10193
10205
10217
10228
10240
10252
10171
10183
10194
10206
10218
10229
10241
10253
10172
10195
10207
10219
10230
10242
10254
10173
10184
10196
10208
10220
10231
10243
10255
10256
8957
10279
10291
10303
10315
10327
10338
10257
10268
10280
10292
10304
10316
10328
10339
10258
10269
10281
10293
10305
10317
10329
10340
10259
10270
10282
10294
10306
10318
10330
10341
10271
10283
10295
10307
10319
10331
10342
10260
10272
10284
10296
10308
10320
10332
10343
10261
10273
10285
10297
10309
10321
10333
10344
10262
10274
10286
10298
10310
10322
10334
10345
10263
10275
10287
10299
10311
10323
10335
10346
10264
10276
10288
10300
10312
10324
10347
10265
10277
10289
10301
10313
10325
10336
10348
10266
10278
10290
10302
10314
10326
10337
10349
10350
10362
10374
10386
10397
10409
10421
10141
10351
10363
10375
10387
10398
10410
10422
9083
10352
10364
10376
10399
10411
10423
9232
10353
10365
10377
10388
10400
10412
10424
9911
10354
10366
10378
10389
10401
10413
10425
10355
10367
10379
10390
10402
10414
10426
9823
10356
10368
10380
10391
10403
10415
10427
9718
10357
10369
10381
10392
10404
10416
10428
10438
10358
10370
10382
10393
10405
10417
10429
10440
10359
10371
10383
10394
10406
10418
10360
10372
10384
10395
10407
10419
10430
10432
10361
10373
10385
10396
10408
10420
10431
10437
10439
10441
10442
10443
10444
10456
10467
10480
10492
10504
10515
10527
10445
10457
10468
10481
10493
10505
10516
10528
10435
10458
10470
10482
10494
10506
10517
10529
10447
10471
10483
10495
10507
10518
10530
10853
10459
10472
10484
10496
10508
10519
10531
10748
10460
10473
10485
10509
10520
10532
10721
11394
10474
10486
10498
10510
10521
10533
10747
10462
10475
10487
10499
10511
10522
10534
10452
10463
10476
10488
10500
10523
10535
10453
10464
10477
10489
10501
10512
10524
10536
10454
10465
10478
10490
10502
10513
10525
10537
10455
10466
10479
10491
10503
10514
10538
10539
10551
10563
10574
10586
10598
10611
10623
10540
10552
10564
10575
10587
10599
10612
10624
10541
10553
10576
10588
10600
10613
10625
10542
10554
10565
10577
10589
10601
10614
10543
10555
10566
10578
10590
10602
10615
10626
10545
10557
10568
10580
10592
10604
10617
10628
10544
10556
10567
10579
10591
10603
10616
10627
10546
10558
10569
10581
10593
10606
10618
10629
10547
10559
10570
10582
10594
10607
10619
10630
10548
10560
10571
10583
10595
10608
10620
10631
10549
10561
10572
10584
10596
10609
10621
10632
10550
10562
10573
10585
10597
10610
10622
10633
10634
10646
10658
10669
10681
10696
10707
11075
10635
10647
10659
10670
10682
10708
10850
10636
10648
10660
10671
10683
10697
10711
10742
10637
10649
10661
10672
10684
10713
11078
10638
10650
10662
10673
10685
10699
10714
10709
10639
10651
10674
10686
10700
11066
11080
10640
10652
10663
10675
10687
10701
11067
11081
10641
10653
10664
10676
10691
10702
11068
11082
10642
10654
10665
10677
10692
10703
11069
11083
10643
10655
10666
10678
10693
10704
11070
11084
10644
10656
10667
10679
10694
10705
11072
11085
10645
10657
10668
10680
10695
10706
11073
11086
11087
11099
11111
11123
11135
11147
11158
11170
11088
11100
11113
11124
11136
11148
11159
11171
11089
11101
11114
11125
11137
11149
11160
11172
11090
11102
11115
11126
11138
11150
11161
11173
11091
11103
11116
11127
11139
11151
11162
11174
11092
11104
11117
11128
11140
11163
11175
11093
11105
11118
11129
11141
11152
11164
11176
11094
11106
11119
11130
11142
11153
11165
11177
11095
11107
11120
11131
11143
11154
11166
11178
11096
11108
11121
11132
11144
11155
11167
11179
11097
11109
11133
11145
11156
11168
11180
11098
11110
11122
11134
11146
11157
11169
11181
11182
11193
11205
11217
11229
11240
11254
11264
11183
11194
11206
11218
11241
11253
11265
11184
11195
11207
11219
11230
11242
11252
11266
11185
11196
11208
11220
11231
11243
11255
11267
11197
11209
11221
11232
11244
11256
11268
11186
11198
11210
11222
11233
11245
11257
11269
11187
11199
11211
11223
11234
11246
11258
11270
11188
11200
11212
11224
11235
11247
11259
11271
11189
11201
11213
11225
11236
11248
11260
11272
11190
11202
11214
11226
11237
11249
11261
11273
11191
11203
11215
11227
11238
11250
11262
11274
11192
11204
11216
11228
11239
11251
11263
11275
11276
11288
11299
11312
11342
11380
11277
11289
11300
11313
11327
11343
11356
11381
11278
11290
11301
11315
11328
11344
11393
11382
11279
11303
11316
11329
11345
11360
11383
11280
11291
11304
11317
11330
11346
11372
11384
11281
11292
11305
11320
11331
11347
11373
11386
11282
11293
11306
11321
11332
11348
11374
11387
11283
11294
11307
11322
11333
11349
11375
10854
11284
11295
11308
11323
11334
11350
11376
11389
11285
11296
11309
11324
11335
11351
11377
11390
11286
11297
11310
11325
11336
11352
11378
11391
11287
11298
11311
11326
11341
11353
11379
11392
11399
11400
11401
11402
11403
11404
11405
11406
11407
11408
11409
11410
11411
11412
11413
11508
11509
11510
11511
11512
11513
11514
11515
11516
11517
11518
11519
11520
11521
11522
11523
11524
11525
11526
11527
11528
11529
11530
11531
11532
11533
11534
11535
11536
11537
11538
11539
11540
11541
11542
11543
11544
11545
11546
11547
11548
11549
11550
11551
11552
11553
11554
11556
11557
11558
11559
11560
11561
11562
11563
11564
11565
11566
11567
11568
11569
11570
11571
11572
11573
11574
11575
11576
11577
11578
11579
11580
11581
11582
11583
11584
11585
11586
11587
11588
11589
11590
11591
11592
11593
11594
11595
11596
11597
11598
11599
11600
11601
11602
11603
11604
11605
11606
11607
11608
11609
11610
11611
11612
11613
11614
11615
11616
11617
11618
11619
11620
11621
11622
11623
11624
11625
11626
11627
11628
11629
11630
11631
11632
11633
11634
11635
11636
11637
11638
11639
11640
11641
11642
11643
11644
11645
11646
11647
11648
11649
11650
11651
11652
11653
11654
11655
11656
11657
11658
11659
11660
11661
11662
11663
11664
11665
11666
11667
11668
11669
11670
11671
11672
11673
11674
11675
11676
11677
11678
11679
11680
11681
11682
11683
11684
11685
11687
11686
11688
11689
11690
11691
11692
11693
11694
11695
11696
11697
11698
11699
11700
11701
11702
11703
11704
11705
11706
11707
11708
11709
11710
11711
11712
11713
11714
11715
11716
11717
11718
11719
11720
11721
11722
11723
11724
11725
11726
11727
11728
11729
11730
11731
11732
11733
11734
11735
11736
11737
11738
11739
11740
11741
11742
11743
11744
11745
11746
11747
11748
11749
11750
11751
11752
11753
11754
11755
11756
11757
11758
11759
11760
11761
11762
11763
11764
11765
11766
11767
11768
11769
11770
11771
11772
11773
11774
11776
11777
11778
11780
11781
11782
11783
11784
11785
11786
11787
11788
11789
11794
11795
11796
11797
11798
11799
11800
11801
11802
11803
11804
11805
11806
11807
11808
11809
11815
11811
11817
11818
11819
11820
11821
11822
11823
11824
11825
11826
11827
11828
11829
11830
11831
