425
577
743
904
905
1072
1073
1077
1079
1082
1083
1089
1090
1094
1097
1098
1101
1102
1104
1109
1203
1223
1242
1244
1246
1251
1252
1255
1258
1259
1262
1263
1264
1287
1288
1289
17
20
1554
1586
1587
1597
1598
1604
1605
1610
1614
1617
1622
1623
1629
1632
1646
1649
1660
1662
1663
1664
1665
1666
1741
1742
1744
1746
1747
1750
1751
1756
1767
1769
1777
1779
1784
1803
1814
1817
1820
1821
1825
1834
1835
1836
1841
1876
1877
1878
1880
1881
1882
1883
1884
1887
1890
1891
1899
1960
2064
2066
2067
2069
2071
2073
2074
2075
2076
42
43
84
2097
2099
2105
2106
2111
2115
2118
2120
2121
2123
2124
2126
2128
2132
2133
2135
2136
2142
2143
2146
2147
2148
2149
2150
2153
2154
2162
2164
2165
2167
2168
2169
2170
2172
2173
2174
2175
2176
2177
2178
2179
2180
2214
37
41
58
63
69
82
2218
2219
2220
2223
2232
2235
2236
2239
2244
2245
2246
2252
2255
2256
2260
2262
2263
2268
2269
2270
2271
2273
2274
2275
2276
2278
2279
2282
2285
2287
2290
2291
2292
2294
2295
2296
2300
2301
2302
2303
2305
2311
2313
2314
2315
2316
2319
2321
2322
2323
2330
2331
2333
2335
2337
2339
2341
2342
2343
2344
2347
2349
2350
2351
2352
2353
2354
2355
2356
2358
2359
2360
2361
2362
2365
2366
2368
2369
2370
2371
2372
2373
2374
2375
2376
2377
2378
2379
72
2390
2393
2401
2405
2409
2411
2414
2417
2420
2421
2431
2432
2443
2444
2445
2452
2459
2462
2463
2465
2473
2476
2479
2480
2485
2487
2488
2494
2504
2505
2509
2520
2523
2528
2532
2534
2540
2545
2563
2569
2571
2572
2573
45
61
2596
2597
2605
2606
2607
2608
2611
2612
2616
2617
2618
2620
2623
2624
2627
2631
2632
2635
2637
2640
2641
2643
2644
2645
2647
2648
2651
2653
2658
2659
2661
2662
2663
2666
2668
2670
2671
2673
2680
2681
2683
2685
2688
2693
2695
2698
2699
2700
2701
2702
2703
2704
2706
2707
2708
2709
2710
2711
59
65
66
68
75
79
83
2784
2787
2792
2795
2799
2800
2801
2804
2807
2812
2817
2819
2829
2830
2832
2834
2841
2842
2843
2845
2848
2852
2853
2856
2860
2861
2864
2871
2873
2884
2885
2892
2898
2899
2903
2906
2908
2909
2921
2924
2925
2927
2929
2931
2933
2941
2945
2947
2963
2964
2965
2966
2969
2970
2971
2972
2973
4129
4561
3002
3009
3014
3028
3033
3048
3074
3076
3088
3100
3111
3121
3123
3129
3139
3140
3141
3142
4130
4332
78
3198
3199
3201
3202
3203
3209
3214
3221
3222
3223
3224
3226
3227
3230
3232
3234
3236
3237
3238
3239
3240
3242
3243
3245
3246
3248
3250
3251
3255
3259
3260
3261
3263
3265
3267
3268
3271
3272
3274
3275
3276
3279
3281
3282
3283
3286
3289
3290
3291
3292
3293
3295
3296
3298
3299
3300
3301
3302
3303
3305
3306
3307
3309
3310
3311
3312
3313
3314
3316
3317
3318
3319
3320
3322
3324
3326
3327
3328
3330
3333
3336
3337
3341
3343
3344
3345
4327
4328
4556
3414
3416
3420
3428
3431
3438
3442
3445
3447
3468
3469
3471
3475
3478
3488
3490
3509
3514
3522
3531
3533
3538
3545
3548
3549
3551
3552
3556
3563
3564
3567
3568
3571
3575
3577
3583
3592
3593
3606
3607
3609
3612
3614
4131
4322
4330
4552
4553
4554
4555
3636
3641
3651
3658
3659
3662
3677
3681
3692
3700
3704
3711
3725
3734
3738
3748
3753
3759
3762
3771
3782
3786
3796
3799
4103
4104
4134
4303
4308
4326
4546
4547
4548
4549
4551
5695
3881
3885
3906
3945
3947
3954
3968
4004
4008
4017
4051
4068
4120
4121
4144
4321
4545
5696
5720
4151
4153
4155
4156
4157
4158
4159
4161
4162
4163
4164
4166
4168
4169
4170
4172
4173
4177
4179
4183
4184
4185
4188
4189
4190
4191
4193
4194
4195
4197
4198
4200
4203
4205
4206
4209
4210
4211
4212
4217
4219
4220
4223
4226
4227
4229
4230
4232
4234
4235
4238
4239
4241
4242
4243
4244
4245
4249
4250
4251
4254
4255
4256
4257
4258
4259
4261
4262
4266
4310
4311
4312
4313
4314
4316
4317
4318
4324
4503
4534
4536
4537
4539
4540
4541
4542
4544
4719
4741
4743
4745
5710
6062
6075
6310
6315
4335
4337
4339
4340
4343
4345
4346
4352
4353
4357
4359
4362
4364
4366
4368
4369
4373
4377
4378
4380
4381
4383
4385
4386
4387
4392
4394
4396
4399
4400
4404
4407
4410
4414
4416
4418
4425
4429
4431
4432
4440
4441
4444
4445
4447
4449
4450
4452
4454
4456
4458
4459
4460
4461
4464
4465
4466
4467
4468
4469
4470
4472
4473
4505
4517
4529
4532
4562
4687
4688
4690
4734
4736
4737
4739
4740
5239
5240
5250
5416
5721
6073
6074
6282
6325
4575
4598
4628
4631
4635
4640
4668
5241
5276
5278
5279
5312
5326
5355
5387
5669
5670
6312
6821
5056
5058
5061
5063
5067
5069
5070
5071
5073
5075
5076
5077
5078
5079
5080
5081
5083
5084
5085
5086
5087
5089
5092
5093
5094
5095
5096
5097
5100
5101
5102
5104
5105
5106
5107
5109
5110
5111
5113
5115
5117
5118
5119
5120
5121
5122
5124
5125
5127
5128
5129
5130
5131
5132
5133
5137
5138
5141
5144
5145
5146
5147
5148
5149
5150
5152
5153
5156
5158
5226
5229
5232
5235
5242
5244
5245
5246
5247
5248
5403
5405
5407
5413
5414
5684
5685
5689
5704
5715
5722
6070
6072
6280
6283
6314
6319
6551
6554
5420
5421
5422
5426
5427
5429
5430
5431
5433
5434
5437
5438
5439
5440
5443
5444
5446
5447
5449
5450
5451
5452
5455
5458
5459
5460
5462
5465
5466
5467
5468
5469
5471
5472
5473
5476
5479
5480
5483
5484
5485
5488
5490
5491
5492
5494
5495
5496
5499
5500
5501
5503
5505
5506
5508
5511
5513
5514
5515
5520
5523
5525
5528
5530
5531
5535
5542
5543
5547
5548
5549
5550
5551
5552
5554
5556
5561
5562
5564
5589
5591
5593
5595
5596
5597
5604
5605
5609
5616
5617
5619
5623
5626
5631
5632
5634
5635
5636
5648
5652
5659
5662
5664
5667
5678
5683
5686
5692
5698
5705
5706
5708
6047
6057
6071
6318
6323
6326
6546
6550
6557
7359
7363
7753
8868
5741
5745
5751
5759
5762
5768
5891
5896
5917
6027
6302
6543
6547
6556
6082
6084
6086
6088
6089
6091
6099
6102
6104
6114
6116
6120
6121
6124
6125
6127
6132
6136
6145
6147
6150
6151
6155
6159
6164
6168
6169
6171
6176
6182
6184
6186
6189
6193
6195
6196
6197
6202
6317
6321
6322
6528
6544
6552
6561
6562
6780
6793
6796
6797
6806
6809
6810
6818
6819
7352
7354
8872
6332
6333
6338
6342
6344
6345
6348
6354
6356
6362
6365
6369
6385
6386
6387
6402
6406
6408
6409
6410
6411
6414
6415
6421
6425
6434
6435
6436
6441
6451
6452
6455
6456
6459
6463
6475
6477
6479
6486
6488
6525
6536
6768
6779
6787
6792
6799
6801
6805
7099
7708
7749
7750
6563
6565
6566
6567
6577
6583
6585
6588
6591
6598
6599
6600
6605
6608
6609
6612
6615
6616
6617
6622
6624
6625
6632
6633
6636
6644
6646
6650
6653
6654
6655
6656
6658
6663
6666
6667
6671
6674
6675
6678
6679
6680
6681
6682
6683
6686
6688
6690
6691
6692
6694
6695
6696
6697
6701
6713
6717
6718
6719
6721
6722
6723
6724
6725
6726
6727
6729
6730
6770
6773
6776
6777
6784
6789
6790
6795
6798
6802
6808
7068
7069
7070
7071
7097
7101
7350
7729
7744
7745
7748
8483
10159
6826
6827
6829
6830
6831
6833
6837
6838
6841
6843
6849
6851
6857
6859
6866
6867
6868
6869
6874
6884
6885
6888
6889
6892
6893
6900
6901
6904
6905
6907
6909
6910
6911
6916
6920
6923
6926
6927
6928
6929
6930
6936
6938
6941
6943
6948
6949
6957
6958
6967
6969
6971
6972
6976
6979
6982
6986
6988
6990
7039
7043
7045
7046
7050
7051
7053
7055
7057
7063
7095
7102
7351
7356
7728
7730
7738
7742
7743
8997
8998
8999
7107
7108
7109
7110
7112
7115
7116
7118
7124
7131
7133
7134
7139
7140
7141
7142
7143
7144
7155
7157
7158
7159
7163
7168
7171
7172
7173
7174
7185
7190
7194
7198
7201
7202
7205
7206
7213
7215
7216
7223
7224
7227
7228
7230
7232
7235
7238
7241
7245
7252
7253
7256
7257
7261
7262
7316
7318
7336
7339
7341
7696
7698
7699
7700
7701
7704
7707
7731
8995
8996
7450
7454
7455
7458
7459
7472
7476
7482
7485
7486
7492
7494
7542
7546
7560
7565
7574
7575
7576
7586
7587
7590
7593
7596
7600
7603
7687
7692
7695
7710
7735
7736
8994
9748
10158
11085
8240
8258
8265
8312
8327
8358
8362
8365
8473
8506
8508
8701
8974
8992
9740
9741
9743
9745
10155
10160
8709
8710
8711
8712
8714
8715
8716
8717
8718
8720
8721
8724
8725
8726
8727
8729
8730
8731
8733
8734
8735
8738
8740
8743
8744
8745
8746
8747
8748
8752
8753
8754
8755
8756
8757
8758
8759
8760
8761
8762
8765
8766
8768
8769
8770
8771
8772
8777
8780
8781
8782
8783
8786
8788
8790
8792
8793
8794
8795
8798
8800
8803
8804
8805
8807
8808
8809
8811
8812
8813
8957
8958
8965
8966
8969
8970
8971
8972
8979
8984
8988
9239
9249
9717
9718
9722
9727
9728
10114
10123
10124
10154
10464
10753
11083
11109
9012
9016
9017
9023
9029
9030
9036
9037
9038
9040
9060
9063
9068
9074
9075
9078
9083
9086
9093
9097
9101
9110
9119
9124
9125
9126
9133
9139
9143
9146
9152
9153
9157
9165
9166
9168
9169
9206
9207
9208
9211
9212
9213
9214
9216
9217
9245
9246
9247
9257
10125
10126
10130
10131
10148
10149
10151
10465
11099
9752
9757
9759
9762
9764
9768
9769
9773
9775
9778
9784
9786
9787
9791
9792
9793
9795
9797
9802
9805
9809
9812
9817
9822
9827
9833
9834
9836
9838
9839
9841
9843
9844
9849
9853
9866
9870
9871
9892
9895
9897
9903
9904
9909
9912
9914
10051
10077
10108
10129
10132
10137
11108
10180
10190
10191
10194
10200
10211
10216
10220
10225
10231
10235
10237
10243
10251
10255
10258
10286
10289
10293
10296
10305
10326
10347
10349
10351
10438
10443
11075
10515
10518
10527
10529
10543
10549
10550
10567
10575
10586
10587
10588
10594
10596
10597
10598
10613
10618
10622
10625
10626
10627
10628
10632
10633
10642
10649
10650
11088
11386
11177
11269
1765
1793
2094
2098
2108
2122
2184
2185
2186
2187
2188
2189
2190
2191
2194
2195
2196
2197
2198
2201
2202
2204
2205
2207
2208
2209
2210
2261
2267
2383
2384
2413
2423
2433
2446
2486
2493
2496
2503
2507
2512
2515
2529
2530
2552
2575
2576
2577
2578
2579
2580
2584
2585
2586
2588
2591
2593
2603
2604
2615
2622
2625
2626
2630
2638
2642
2646
2656
2657
2679
2713
2714
2715
2716
2717
2719
2720
2722
2723
2724
2725
2726
2727
2728
2729
2730
2731
2732
2733
2734
2735
2737
2739
2740
2741
2742
2743
2744
2746
2747
2748
2750
2751
2753
2754
2756
2757
2758
2759
2760
2762
2763
2764
2765
2766
2767
2769
2770
2771
2772
2773
2774
2775
2776
2777
2778
2779
2780
2781
2793
2813
2816
2865
2881
2883
2939
2974
2975
2976
2977
2978
2979
2980
2981
2982
2983
2984
2985
2986
2989
2991
2992
2993
2994
2995
3004
3025
3031
3043
3057
3060
3066
3073
3079
3086
3089
3090
3093
3094
3099
3103
3122
3143
3144
3145
3147
3148
3149
3150
3151
3152
3155
3156
3157
3158
3159
3160
3162
3163
3166
3167
3168
3169
3170
3171
3172
3174
3175
3176
3177
3178
3179
3183
3186
3187
3188
3189
3190
3191
3192
3194
3200
3205
3207
3210
3213
3216
3219
3228
3254
3257
3258
3321
3352
3353
3355
3356
3358
3359
3360
3361
3363
3364
3369
3370
3371
3372
3373
3374
3376
3379
3381
3384
3386
3387
3388
3390
3393
3394
3396
3408
3412
3465
3482
3483
3591
3605
3615
3616
3617
3618
3619
3620
3621
3622
3623
3626
3632
3639
3644
3657
3666
3668
3673
3675
3682
3699
3702
3723
3764
3766
3767
3785
3795
3800
3802
3828
3829
3831
3832
3836
3837
3838
3839
3840
3847
3858
3861
3866
3915
3957
3958
3971
3983
3991
4011
4030
4047
4055
4075
4076
4077
4078
4079
4080
4081
4082
4083
4085
4086
4087
4088
4089
4090
4092
4094
4100
4178
4182
4192
4214
4228
4231
4248
4267
4268
4269
4272
4273
4275
4277
4280
4281
4283
4284
4287
4288
4289
4290
4291
4292
4293
4294
4295
4296
4297
4298
4342
4388
4389
4430
4439
4442
4457
4475
4476
4477
4478
4479
4480
4481
4483
4484
4485
4486
4487
4489
4490
4491
4492
4494
4496
4497
4499
4500
4501
4502
4509
4563
4564
4580
4616
4621
4648
4649
4655
4659
4662
5062
5065
5068
5126
5134
5136
5140
5159
5160
5253
5264
5288
5307
5308
5382
5424
5453
5504
5518
5519
5566
5567
5568
5569
5570
5571
5572
5574
5575
5576
5577
5578
5580
5582
5583
5585
5586
5643
5682
5731
5734
5736
5737
5738
5739
5740
5756
5757
5770
5778
5779
5781
5784
5786
5787
5788
5789
5791
5792
5793
5794
5796
5806
5807
5812
5825
5828
5846
5853
5854
5855
5856
5857
5858
5859
5860
5861
5863
5865
5866
5867
5868
5869
5870
5871
5872
5876
5881
5882
5884
5900
5910
5911
5912
5915
5931
5933
5934
5935
5936
5937
5938
5939
5940
5941
5942
5943
5944
5945
5946
5947
5948
5949
5950
5951
5952
5953
5954
5955
5956
5957
5959
5960
5963
5965
5966
5967
5968
5973
5985
5987
5996
5999
6029
6030
6035
6092
6098
6111
6115
6128
6130
6141
6175
6179
6185
6190
6192
6199
6204
6205
6207
6209
6210
6211
6212
6213
6215
6216
6217
6218
6222
6223
6224
6225
6226
6227
6228
6230
6231
6232
6233
6234
6236
6237
6239
6241
6242
6243
6244
6245
6246
6247
6249
6250
6251
6252
6254
6255
6256
6257
6258
6262
6263
6264
6265
6266
6267
6268
6269
6271
6272
6276
6289
6290
6291
6292
6300
6328
6334
6337
6351
6357
6361
6370
6371
6372
6373
6374
6375
6376
6377
6397
6428
6430
6431
6432
6433
6437
6444
6481
6490
6493
6494
6495
6496
6497
6498
6500
6508
6509
6514
6516
6569
6570
6571
6572
6573
6575
6576
6580
6581
6582
6589
6596
6601
6603
6604
6606
6610
6611
6618
6629
6635
6637
6638
6639
6640
6641
6642
6643
6670
6676
6702
6707
6709
6728
6733
6734
6735
6736
6737
6738
6739
6740
6741
6742
6743
6744
6745
6748
6749
6751
6753
6755
6756
6757
6758
6759
6760
6761
6766
6853
6854
6899
6966
6992
6993
6994
6995
6996
6997
6998
7000
7001
7002
7003
7004
7005
7006
7007
7009
7010
7011
7012
7013
7014
7015
7016
7017
7019
7022
7023
7024
7025
7026
7027
7028
7031
7032
7033
7034
7035
7036
7120
7127
7128
7138
7161
7166
7208
7269
7270
7271
7272
7273
7274
7275
7276
7277
7278
7279
7280
7281
7282
7283
7284
7285
7286
7288
7289
7290
7291
7292
7293
7294
7295
7296
7297
7298
7300
7301
7302
7309
7329
7434
7445
7489
7495
7519
7547
7557
7566
7568
7584
7598
7599
7605
7614
7615
7617
7618
7619
7620
7622
7623
7624
7625
7626
7627
7629
7630
7631
7632
7634
7635
7636
7637
7638
7639
7640
7642
7643
7644
7645
7646
7647
7648
7649
7650
7651
7652
7653
7654
7655
7656
7657
7659
7660
7661
7662
7663
7664
7665
7666
7667
7668
7669
7670
7671
7672
7673
7674
7675
7676
7677
7679
7680
7718
8230
8260
8261
8262
8273
8275
8277
8290
8295
8298
8301
8303
8307
8310
8314
8316
8320
8338
8350
8351
8352
8353
8366
8368
8370
8371
8372
8373
8374
8375
8377
8378
8379
8380
8381
8382
8383
8384
8385
8386
8389
8390
8391
8392
8393
8395
8396
8397
8398
8399
8400
8401
8402
8404
8405
8406
8408
8409
8410
8411
8412
8413
8414
8415
8417
8418
8419
8420
8421
8422
8451
8477
8707
8732
8796
8814
8816
8818
8819
8820
8822
8823
8824
8825
8826
8830
8832
8833
8834
8835
8836
8837
8838
8839
8840
8841
8842
8843
8844
8845
8846
8847
8848
8850
8851
8852
8853
8854
8855
8856
8857
8858
8859
8860
8861
8863
9003
9031
9032
9107
9108
9128
9131
9136
9170
9172
9173
9174
9175
9176
9177
9178
9179
9180
9181
9183
9184
9185
9186
9187
9188
9189
9190
9192
9193
9194
9195
9196
9197
9198
9199
9200
9201
9220
9252
9756
9772
9774
9779
9816
9847
9848
9864
9881
9882
9894
9896
9908
9915
9922
9925
9926
9927
9928
9929
9930
9931
9932
9934
9935
9936
9937
9938
9939
9941
9944
9945
9948
9949
9950
9953
9955
9956
9957
9958
9959
9960
9961
9962
9963
9964
9965
9968
9969
9970
9971
9972
9973
9975
9980
9981
9983
9984
9985
10029
10183
10204
10264
10317
10322
10323
10339
10344
10356
10357
10358
10359
10360
10362
10363
10364
10365
10366
10367
10368
10369
10370
10371
10372
10373
10374
10376
10377
10378
10379
10381
10382
10383
10384
10387
10388
10389
10390
10391
10392
10393
10394
10395
10396
10397
10398
10401
10402
10403
10405
10406
10409
10410
10411
10412
10413
10414
10432
10442
10513
10523
10561
10563
10568
10571
10576
10600
10607
10612
10637
10652
10656
10662
10664
10665
10666
10667
10668
10669
10671
10672
10673
10674
10675
10676
10678
10679
10680
10681
10682
10683
10684
10685
10686
10687
10691
10692
10695
10696
10697
10699
10700
10701
10702
10703
10704
10705
11117
11127
11141
11142
11152
11156
11167
11225
11229
11250
11252
11259
11262
11279
11280
11281
11303
11304
11305
11307
11309
11310
11311
11312
11313
11315
11317
11320
11321
11322
11323
11324
11325
11326
11327
11328
11329
11331
11333
11334
11335
11336
11342
11343
11346
11347
11348
11349
11350
11351
11352
11353
11356
11378
11380
11538
11547
11579
11636
11637
11638
11639
11640
11641
11642
11643
11644
11645
11647
11648
11649
11650
11651
11653
11655
11656
11657
11658
11659
11660
11661
11662
11663
11664
11666
11667
11668
11669
11671
11673
11674
11675
11676
11677
11678
11679
11680
11681
11682
11683
11686
11687
11688
11689
11690
11691
11692
11693
11694
-136
-135
-130
-128
-126
-116
-114
-108
-106
-105
-104
-102
-97
-95
-94
-93
-91
-90
-77
-75
-73
-71
-70
-69
-66
-61
-60
-50
-46
-45
-37
-31
-27
-26
-25
-20
-15
-14
-13
-8
1592
1621
1625
1642
1648
1734
1743
1745
1749
1762
1768
1780
1785
1790
1792
1797
1799
1811
1818
1819
1829
1833
1843
1847
1920
1942
1946
1947
1963
1979
1992
1993
1994
1999
2018
2027
2034
2037
2038
2068
2070
2072
2110
2127
2141
2238
2242
2257
2258
2266
2281
2298
2299
2304
2306
2308
2312
2318
2324
2327
2340
2389
2391
2392
2407
2408
2412
2415
2416
2418
2419
2424
2425
2426
2427
2428
2429
2434
2435
2436
2437
2438
2440
2441
2442
2448
2449
2450
2451
2453
2454
2455
2456
2457
2458
2461
2464
2466
2467
2468
2470
2471
2472
2474
2477
2478
2481
2483
2484
2490
2491
2495
2497
2498
2499
2500
2502
2508
2513
2516
2517
2518
2519
2521
2524
2525
2526
2527
2533
2537
2541
2543
2548
2550
2554
2555
2556
2557
2564
2565
2566
2567
2574
2602
2613
2619
2634
2650
2655
2660
2665
2674
2675
2678
2696
2794
2796
2797
2802
2803
2806
2808
2809
2810
2811
2815
2818
2822
2823
2824
2825
2827
2833
2835
2836
2838
2839
2840
2844
2846
2849
2851
2854
2855
2858
2859
2862
2866
2867
2869
2870
2875
2876
2877
2878
2886
2887
2888
2889
2890
2891
2893
2894
2895
2896
2897
2902
2904
2905
2910
2912
2913
2915
2916
2917
2918
2919
2920
2922
2926
2930
2932
2934
2935
2937
2938
2940
2948
2949
2951
2952
2956
2958
2959
2962
3000
3005
3006
3007
3008
3012
3013
3015
3016
3017
3019
3020
3022
3023
3024
3026
3029
3032
3036
3037
3038
3039
3042
3044
3045
3046
3047
3050
3051
3052
3053
3054
3055
3059
3061
3062
3063
3065
3067
3068
3069
3070
3071
3077
3078
3080
3081
3085
3087
3095
3096
3105
3106
3107
3108
3109
3114
3115
3117
3118
3124
3125
3126
3127
3131
3132
3134
3135
3137
3204
3206
3215
3217
3229
3231
3249
3252
3256
3262
3270
3277
3278
3287
3297
3304
3308
3323
3347
3398
3399
3400
3403
3409
3410
3418
3419
3421
3423
3424
3425
3426
3429
3430
3432
3433
3434
3436
3437
3439
3441
3444
3448
3449
3453
3455
3459
3460
3461
3462
3466
3467
3470
3472
3474
3477
3479
3481
3486
3487
3491
3492
3494
3499
3500
3501
3502
3504
3505
3506
3507
3513
3515
3517
3518
3523
3524
3526
3527
3529
3532
3536
3543
3544
3546
3547
3550
3555
3558
3572
3573
3574
3578
3580
3581
3582
3584
3594
3595
3599
3600
3602
3604
3638
3640
3643
3645
3647
3650
3654
3655
3656
3660
3661
3663
3664
3667
3671
3672
3674
3676
3678
3684
3685
3686
3687
3688
3689
3690
3691
3694
3696
3697
3701
3703
3705
3709
3712
3713
3714
3715
3717
3719
3720
3721
3722
3724
3726
3727
3728
3732
3733
3735
3736
3737
3739
3740
3741
3742
3744
3745
3747
3749
3751
3752
3755
3756
3757
3758
3760
3763
3765
3769
3770
3773
3775
3777
3778
3781
3784
3788
3791
3792
3794
3798
3801
3806
3807
3808
3809
3811
3812
3813
3816
3818
3819
3823
3824
3826
3880
3882
3883
3884
3886
3888
3890
3891
3893
3894
3895
3897
3898
3899
3900
3901
3902
3903
3904
3905
3907
3908
3909
3910
3911
3912
3914
3916
3917
3918
3920
3921
3922
3927
3930
3932
3933
3934
3935
3936
3937
3938
3939
3940
3942
3944
3946
3948
3949
3951
3955
3956
3959
3960
3962
3963
3964
3965
3972
3973
3974
3975
3976
3977
3978
3980
3981
3982
3984
3985
3986
3989
3990
3992
3993
3995
3996
3998
3999
4001
4003
4006
4007
4009
4010
4012
4013
4015
4016
4018
4019
4021
4022
4023
4025
4026
4028
4031
4032
4033
4035
4036
4039
4040
4042
4044
4045
4046
4048
4050
4052
4053
4054
4057
4058
4059
4060
4061
4062
4063
4064
4066
4067
4072
4074
4105
4107
4110
4111
4113
4115
4122
4123
4124
4125
4126
4135
4136
4137
4140
4142
4143
4148
4149
4150
4160
4165
4171
4175
4176
4196
4201
4213
4216
4218
4233
4236
4240
4246
4252
4253
4265
4315
4333
4336
4338
4344
4347
4354
4355
4356
4363
4365
4367
4370
4371
4372
4374
4375
4376
4382
4390
4393
4397
4398
4401
4402
4403
4405
4406
4409
4412
4419
4424
4436
4437
4438
4448
4451
4455
4463
4504
4507
4510
4511
4512
4514
4515
4516
4518
4519
4524
4525
4543
4565
4566
4568
4569
4571
4576
4578
4579
4581
4582
4583
4584
4585
4589
4590
4592
4593
4595
4596
4597
4599
4600
4601
4602
4604
4606
4607
4609
4610
4612
4613
4615
4617
4619
4620
4622
4623
4626
4627
4636
4638
4641
4642
4644
4647
4651
4652
4653
4654
4658
4660
4661
4664
4665
4667
4669
4672
4673
4674
4675
4676
4677
4678
4679
4680
4681
4682
4684
4685
4689
4735
4744
5059
5066
5090
5091
5114
5116
5142
5151
5154
5157
5227
5234
5257
5258
5259
5261
5270
5273
5277
5280
5282
5283
5285
5286
5293
5294
5298
5299
5301
5303
5304
5306
5310
5311
5313
5315
5320
5325
5327
5329
5333
5335
5336
5337
5339
5343
5344
5346
5347
5350
5351
5352
5353
5354
5356
5357
5358
5359
5360
5362
5363
5366
5370
5374
5375
5377
5378
5380
5383
5385
5386
5388
5390
5391
5393
5394
5432
5445
5454
5463
5470
5474
5477
5482
5487
5493
5497
5502
5517
5521
5522
5524
5527
5529
5532
5533
5536
5537
5538
5539
5545
5560
5588
5607
5611
5615
5618
5627
5637
5642
5694
5713
5724
5725
5726
5727
5728
5732
5733
5742
5743
5744
5746
5747
5748
5749
5750
5752
5753
5754
5755
5760
5761
5763
5764
5767
5771
5772
5773
5774
5775
5776
5777
5780
5783
5785
5795
5797
5798
5799
5800
5802
5804
5805
5810
5813
5814
5816
5817
5818
5820
5821
5822
5823
5824
5826
5827
5829
5830
5833
5834
5836
5837
5838
5839
5840
5841
5842
5844
5845
5848
5851
5852
5874
5877
5878
5879
5880
5883
5885
5886
5887
5888
5889
5892
5893
5894
5898
5899
5901
5902
5903
5904
5905
5906
5907
5913
5914
5916
5919
5921
5923
5924
5926
5927
5928
5929
5930
5932
5972
5974
5975
5977
5979
5982
5983
5988
5989
5990
5991
5992
5997
6002
6015
6016
6020
6021
6022
6028
6045
6050
6053
6056
6060
6067
6078
6085
6090
6093
6095
6096
6097
6101
6103
6105
6107
6108
6109
6110
6112
6113
6117
6119
6122
6126
6131
6134
6135
6138
6140
6142
6143
6144
6152
6153
6156
6157
6158
6160
6161
6163
6165
6166
6167
6173
6177
6178
6180
6183
6191
6194
6198
6200
6201
6278
6311
6316
6335
6336
6339
6340
6341
6343
6346
6347
6349
6350
6352
6360
6363
6364
6366
6368
6378
6379
6380
6384
6388
6389
6390
6391
6392
6393
6394
6395
6396
6398
6399
6401
6403
6405
6412
6416
6417
6418
6420
6424
6426
6427
6429
6438
6442
6445
6446
6447
6448
6450
6457
6464
6466
6467
6469
6471
6472
6476
6478
6480
6487
6489
6503
6517
6518
6521
6522
6523
6524
6527
6532
6539
6564
6574
6586
6587
6590
6592
6607
6613
6614
6620
6623
6626
6627
6628
6630
6645
6647
6649
6651
6652
6659
6661
6668
6669
6672
6673
6677
6684
6687
6689
6693
6698
6699
6705
6706
6708
6710
6711
6712
6714
6715
6731
6732
6762
6769
6772
6783
6803
6807
6824
6825
6828
6832
6835
6839
6840
6844
6845
6846
6848
6850
6855
6858
6862
6864
6865
6872
6873
6875
6876
6877
6878
6879
6880
6883
6886
6887
6890
6891
6894
6895
6897
6898
6902
6903
6906
6908
6912
6917
6919
6922
6924
6925
6931
6932
6933
6934
6935
6940
6942
6946
6947
6950
6952
6956
6959
6960
6963
6964
6970
6974
6980
6981
6983
6984
7037
7041
7042
7044
7049
7054
7058
7059
7060
7061
7066
7087
7088
7094
7100
7105
7106
7111
7113
7114
7117
7119
7121
7123
7125
7130
7132
7135
7136
7147
7149
7150
7151
7152
7153
7154
7156
7160
7164
7167
7169
7170
7175
7176
7177
7178
7180
7181
7186
7187
7188
7189
7191
7195
7196
7197
7203
7204
7207
7209
7210
7211
7214
7220
7221
7222
7225
7226
7229
7231
7233
7234
7236
7239
7240
7242
7243
7244
7246
7248
7249
7254
7255
7258
7259
7263
7307
7315
7317
7325
7327
7328
7335
7337
7346
7349
7437
7442
7444
7446
7447
7449
7452
7453
7456
7457
7461
7462
7463
7465
7468
7469
7470
7471
7473
7474
7477
7478
7479
7481
7483
7484
7487
7490
7491
7496
7497
7501
7505
7506
7507
7508
7510
7512
7513
7514
7515
7517
7518
7522
7523
7524
7528
7529
7530
7531
7532
7533
7534
7535
7536
7537
7540
7541
7544
7545
7548
7552
7553
7554
7556
7561
7563
7567
7570
7577
7578
7579
7580
7581
7582
7583
7589
7591
7595
7597
7601
7602
7604
7681
7682
7683
7684
7685
7689
7690
7691
7693
7697
7703
7709
7711
7712
7713
7719
7727
8214
8215
8216
8218
8219
8220
8222
8225
8226
8228
8229
8231
8232
8233
8234
8235
8237
8238
8239
8244
8245
8246
8248
8250
8251
8252
8253
8255
8257
8263
8264
8268
8269
8271
8272
8278
8279
8281
8282
8283
8285
8287
8289
8291
8292
8293
8296
8297
8300
8306
8308
8309
8311
8313
8315
8317
8318
8319
8322
8323
8324
8325
8326
8328
8329
8330
8331
8333
8336
8337
8339
8341
8343
8344
8347
8348
8349
8354
8355
8356
8359
8360
8363
8364
8450
8452
8453
8455
8456
8457
8458
8459
8460
8461
8462
8463
8468
8471
8472
8474
8490
8492
8493
8495
8501
8507
8513
8517
8642
8644
8651
8653
8654
8655
8658
8661
8662
8665
8667
8669
8671
8672
8673
8676
8677
8680
8681
8682
8685
8696
8697
8700
8702
8703
8704
8722
8728
8739
8741
8764
8767
8775
8776
8778
8789
8799
8801
8802
8806
8866
8869
8875
8967
8976
9001
9002
9004
9005
9006
9007
9008
9009
9011
9013
9015
9018
9019
9020
9021
9024
9025
9026
9027
9028
9033
9035
9039
9041
9043
9045
9047
9048
9051
9052
9053
9054
9055
9056
9058
9059
9062
9065
9066
9067
9069
9071
9072
9073
9076
9077
9081
9082
9084
9085
9087
9088
9090
9092
9098
9099
9102
9103
9104
9106
9109
9111
9112
9114
9115
9116
9118
9123
9127
9129
9134
9135
9138
9140
9141
9142
9144
9145
9147
9148
9150
9155
9156
9158
9159
9160
9161
9162
9163
9164
9203
9209
9230
9232
9237
9243
9250
9256
9719
9723
9726
9742
9747
9753
9754
9755
9758
9760
9761
9766
9770
9771
9776
9777
9781
9782
9783
9785
9788
9790
9794
9796
9798
9799
9801
9811
9813
9814
9818
9824
9825
9826
9828
9829
9831
9832
9835
9837
9840
9842
9850
9851
9852
9854
9856
9857
9858
9859
9860
9861
9862
9865
9869
9873
9877
9878
9879
9883
9884
9885
9886
9887
9890
9891
9893
9899
9900
9901
9902
9905
9906
9907
9910
9911
9913
9916
9917
9918
9919
9920
9921
10046
10049
10050
10076
10080
10110
10121
10128
10143
10179
10185
10187
10188
10189
10193
10196
10199
10203
10206
10208
10209
10212
10213
10218
10219
10222
10223
10224
10227
10228
10229
10230
10233
10234
10236
10241
10245
10246
10249
10250
10257
10259
10262
10263
10266
10269
10270
10271
10272
10273
10274
10276
10277
10279
10281
10282
10285
10287
10288
10291
10292
10300
10304
10306
10307
10308
10309
10310
10311
10314
10316
10320
10321
10324
10325
10327
10328
10331
10338
10340
10341
10342
10350
10355
10435
10437
10440
10444
10445
10457
10514
10516
10517
10519
10521
10522
10528
10531
10533
10535
10536
10538
10540
10541
10542
10548
10553
10554
10555
10556
10558
10559
10562
10564
10565
10566
10570
10572
10573
10579
10584
10585
10589
10593
10595
10599
10601
10602
10606
10610
10614
10615
10616
10619
10620
10621
10624
10629
10631
10634
10635
10636
10638
10639
10640
10641
10643
10644
10645
10653
10658
10663
10709
10711
10713
10714
11066
11067
11068
11069
11070
11082
11086
11114
11115
11116
11120
11125
11126
11130
11131
11133
11135
11137
11139
11143
11144
11145
11146
11149
11150
11151
11153
11154
11155
11158
11159
11161
11162
11163
11164
11165
11166
11168
11169
11170
11171
11173
11174
11176
11178
11179
11180
11183
11184
11185
11186
11188
11190
11193
11194
11196
11197
11198
11199
11200
11201
11203
11204
11205
11208
11209
11210
11211
11213
11214
11215
11217
11218
11219
11221
11223
11224
11226
11227
11230
11231
11232
11233
11234
11235
11236
11240
11242
11243
11245
11247
11248
11249
11251
11253
11254
11255
11256
11257
11258
11261
11263
11265
11268
11271
11272
11273
11276
11283
11372
11373
11374
11375
11377
11382
11383
11387
11391
11394
11401
40
1647
1801
2159
2469
2475
2539
2601
2649
2831
3018
3130
3225
3247
3269
3315
3340
3476
3480
3519
3566
3646
3804
3928
4154
4174
4199
4237
4341
4391
4411
4413
4427
5072
5409
5448
5553
5723
5735
6038
6094
6139
6146
6863
6944
7480
7588
7592
7594
8713
9050
9725
9830
10265
10581
11123
1635
9225
1758
1760
1837
1840
1987
2293
2310
2326
2329
2482
2542
2562
2868
3294
3534
3540
3588
3790
3941
4167
4358
4426
4443
4471
4520
4567
4572
4573
4574
4587
4591
4611
4624
4629
4632
4634
4645
4663
4742
5236
5243
5318
5384
5410
5415
5423
5441
5457
5464
5475
5481
5498
5509
5546
5624
5625
5661
5665
5687
5702
5707
5729
5730
5766
5769
5790
5803
5809
5815
5819
5835
5843
5849
5875
5890
5895
5897
5908
5918
5920
5922
5925
5976
5978
5981
6019
6024
6032
6039
6049
6066
6068
6313
6359
6367
6381
6382
6383
6404
6407
6413
6423
6439
6454
6458
6483
6484
6506
6507
6520
6526
6542
6549
6555
6559
6584
6660
6915
7048
7137
7145
7199
7219
7260
7330
7338
7435
7436
7440
7451
7502
7521
7543
7549
7555
7559
7564
7571
7573
7686
7702
7716
7732
7737
7740
7754
8213
8217
8221
8223
8224
8227
8236
8241
8242
8247
8249
8254
8267
8274
8276
8280
8286
8288
8294
8302
8332
8340
8342
8345
8346
8357
8361
8394
8454
8466
8469
8489
8737
8978
9234
10184
11129
11160
2882
4417
4462
8491
38
71
1652
1873
2248
2265
2514
2522
2531
2544
2621
2654
2667
2690
2692
2828
2850
2863
2874
2901
2928
2944
2946
3010
3072
3083
3133
3211
3212
3235
3288
3329
3332
3334
3342
3401
3485
3498
3554
3557
3596
3635
3729
3731
3750
3783
3793
3805
4132
4133
4181
4320
4528
4738
4748
5088
5228
5233
5345
5425
5435
5516
5622
5668
5758
5850
5909
6041
6064
6106
6149
6174
6203
6304
6305
6320
6400
6422
6461
6462
6465
6504
6519
6548
6621
6665
6704
6716
6720
6767
6800
6813
6815
6820
6842
6856
6861
6896
6913
6918
6954
6968
6973
6985
6987
6989
7047
7193
7218
7326
7360
7466
7752
8719
8723
8791
8963
8964
8981
8983
8985
8989
8991
9022
9061
9227
9248
9730
9734
9739
9744
9819
9874
10074
10117
10141
10146
10147
10150
10186
10202
10205
10207
10214
10226
10284
10336
10345
10346
10454
10462
10525
10530
10537
10552
10560
10580
10603
10609
10623
10630
10647
10651
10659
10661
11092
11096
11097
11107
11122
11189
11202
11228
11239
11384
11393
11407
11408
11409
11412
11413
11804
2410
2628
3266
5436
6419
6814
6921
9222
9765
10198
